Date,AEHL,ALT,AMRX,BEEM,CAC,CRNX,IRTC,LTRX,PACB,RARE,RDNW,TECX,VNET,XOMA
2021-01-04,-0.020161290322580627,0.12677307970105023,0.06783368296173253,-0.24356190977666903,0.00503053164512135,-0.011339465010999694,-0.038952848664220774,-0.02927930467692408,0.01696216721858934,-0.014158719632880734,0.007947012087916372,0.04519367296605581,-0.02334959903890299,-0.09766601561233756
2021-01-05,0.04938271604938271,0.0031471252346950696,0.00819671330225158,0.0016126169212202779,0.007230554795853772,-0.04659495537043412,-0.016668873235118897,0.05336427427540946,0.06178927672368695,-0.010844842927388632,0.06767409427728377,-0.018531173085324815,0.011806307513906322,0.0062782521827216
2021-01-06,0.019607843137254832,0.003921583587048083,-0.016260146842582146,0.07638634215581575,0.09000545391005432,0.06766914327995543,-0.025382533291176568,0.0,0.010353409703998784,0.018519889608616946,-0.052307715782752395,0.04755237828137315,-0.007001104793343149,0.0012477972907747326
2021-01-07,0.28076923076923066,0.08593745401594854,0.024793364003288243,0.11367798197500023,-0.015451068930399159,0.025352155999091686,0.007002923879607215,0.035242257435351254,0.16219082248514738,0.05753137018903964,0.020454580640286935,0.051401901287956964,0.025558134796874077,0.02442670908092892
2021-01-08,-0.13213213213213215,0.01582735777456601,-0.036290287692390844,0.04611246439910133,-0.005402478196022575,0.041895579608321576,-0.02327164785701774,0.010638338885950116,0.11584072496182984,0.035694653777641916,0.004454323521765335,-0.042539647016575755,0.06674310630876179,0.01459859637698413
2021-01-11,0.06228373702422152,-0.05311614773928197,-0.006276194245094513,0.0148359620280345,-0.006983729719814424,-0.05471324453076898,0.08032013847019148,0.0,-0.0664850787651815,-0.058768783185764506,0.058916712965838336,-0.005968179658405792,0.002148174348866272,-0.019424493008904142
2021-01-12,-0.05211726384364823,0.035901308901961304,0.023157922845137735,-0.011385965217081684,0.021620005569844114,0.013249621922006183,0.003876843329467139,-0.006315833643863122,-0.02977223272148599,-0.028926244847036986,0.04038284360745514,0.0033355060509223655,0.03751343883513125,0.03081443274732476
2021-01-13,0.020618556701030855,-0.011552404092385116,-0.024691431913493544,-0.008246862163432844,-0.013258608441450881,-0.028217471090639212,0.010641474769636838,-0.03813555854656392,0.033393403718549264,-0.021287363330238507,-0.0238642336253182,-0.04720738705321137,0.01291322273338813,-0.04033216373422199
2021-01-14,0.01683501683501687,-0.008765514188256995,0.023206780343041133,-0.035268804078461,0.014594985587531362,0.0467421992040602,0.04912328528927823,0.02422910450191007,0.09810779901841782,0.03830441798047324,-0.04860092750513523,0.042567991274911954,0.008159094463650929,-0.01161931302443242
2021-01-15,-0.07615894039735094,-0.0471628153309791,-0.004123707488614681,-0.0977857295516299,-0.010274786792840107,-0.0385656092775607,0.014042902205552599,-0.03010749755146691,-0.02120898796044368,-0.013583999162168459,-0.059752273789923094,-0.036813956651352786,0.003034874281898192,-0.0012506062439476828
2021-01-19,-0.02508960573476704,0.05104407052085813,0.0,0.013836273517630948,-0.002595650333744981,0.06192822745098825,0.028095852742002547,0.05764960950104858,0.08884081139400113,0.006523112912383722,-0.00032927983554476015,0.013898594261465114,0.012859261812792955,0.026546490488095875
2021-01-20,0.003676470588235281,-0.01986758312966297,-0.016563131463710468,0.0004874507614303081,-0.011709400964267314,0.006626867248789248,0.042117956292371694,0.023060824728355245,-0.040049765666567594,-0.026787652851603783,0.0009881020650126526,0.023303642839755723,0.001493686234155689,-0.057331109846059936
2021-01-21,0.01098901098901095,-0.03078077003045454,0.023157922845137735,0.07177651895937931,-0.0007896960077745652,-0.012508201819088294,-0.061759618192642196,-0.022541010437457043,-0.059082632036319804,-0.015242305968371506,0.10266531735922024,-0.05961156349780228,-0.03281132761233041,0.0005176101987474091
2021-01-22,0.01449275362318847,0.11154148342970549,0.0226336735916306,-0.0031818043101917715,0.010276368649789092,0.01466668446858721,0.0034143266383994675,-0.012578604406595195,0.030570001478182007,0.055451236650995606,0.05013429989031759,0.03917382639413747,0.05808271216643335,0.016813283198251705
2021-01-25,-0.02857142857142858,0.1777002905416909,-0.024144847208223852,-0.1030552135528846,-0.02686523616411962,0.0013140278408982908,-0.03212791880783661,0.021231402085489348,-0.03928373805282026,0.04477819628014479,0.03608981265488742,0.0219328095598037,0.013359316886554673,0.007885971706029338
2021-01-26,0.003676470588235281,-0.043786969693583866,0.02061853744307318,0.0743942268973723,0.0061651808247256135,-0.011810981247033059,0.019254381521881747,-0.049896002905038705,-0.08539637356528385,-0.04626596852193632,0.0065826024271351535,-0.031522465053475224,-0.043863896872240904,-0.028016169618275133
2021-01-27,-0.1135531135531136,-0.1577970429958404,-0.024242402057162327,-0.08154577065005686,-0.011454803134399838,-0.03917663586644882,0.06509443552058558,-0.021881920725042914,-0.05535284498326143,-0.027220100917097145,-0.0509536483109051,-0.022160643842002448,-0.12409127196487224,-0.05842638530425204
2021-01-28,0.045454545454545414,-0.011756050804425322,0.020703914329637918,0.021981775534249293,0.03368349064822218,0.03040771059181524,-0.054827525577835545,0.0022371877743214696,0.10367029519383131,0.03260871270556387,0.03186898470572608,0.012747896783442902,0.07641677414381931,0.04219532997290676
2021-01-29,0.1027667984189724,0.061710032377420676,-0.02434074842544598,-0.04587463651882684,-0.021115435174042463,-0.03755865001162828,-0.32900399135878367,0.004464281437804418,-0.05630106108234134,-0.014295943658388932,0.023650593247009022,0.0006992722198104762,0.003190612335479237,-0.041545373294212595
2021-02-01,0.0035842293906809264,0.17016802499588435,0.02702705114083548,0.07220856599090486,0.005592475357803162,-0.01951224245311345,0.08069110845291805,0.011111153496636383,0.056568838249517306,0.0507973788220466,-0.005436280455623499,0.01677151678511213,0.05353831121843533,0.016565390775805433
2021-02-02,0.050000000000000044,0.04727713697252267,-0.006072916894909852,-0.001642613125227621,0.014036093904387537,0.0504619796408492,-0.02389973614643004,0.015384547668098714,0.031012327788964456,0.05163763483852901,0.038535114554034466,0.06116834079289424,-0.0010063123403105667,0.07197179651936336
2021-02-03,-0.06462585034013602,-0.0017143249511718528,0.002036706556540313,0.09378092616181943,0.008096071018460993,0.020974318350300836,-0.006585602526331891,-0.015151449471464185,-0.011918330409706468,-0.019000904468120305,0.07736838491339437,-0.022020735416318327,0.017124158168053905,0.0
2021-02-04,0.06181818181818177,0.012593086969096223,0.03455286049954709,-0.014290080169462538,0.024611522715947798,0.036447991065165164,-0.006346027203336102,0.03736254776493331,0.005456594726427566,0.031682603386569586,0.1284807599577904,0.060927200501417866,-0.025253787402261918,0.0977958067132485
2021-02-05,0.15068493150684925,0.03787450853967078,0.02161093386634172,0.018617446107576763,-0.010366968299758583,0.013427112118743034,0.023379176698818283,0.012711953873680848,0.03456163830849701,0.04658065303679426,0.04978353244759148,0.0680399576430506,0.030988093822758023,0.01153934869307216
2021-02-08,0.032738095238095344,0.043572941746499616,0.1365384738826192,0.02531838863529967,0.02861548162789851,0.06246055187958066,0.0027859809249408674,0.041840962444885665,0.06709001168632778,0.022315343915343844,0.09278350515463907,0.12799531386046747,0.03153483061061935,0.003650464082316063
2021-02-09,0.025936599423631135,0.12630480665796084,-0.008460188695199267,-0.013588548684988488,0.010432295316481932,0.0320664491262328,5.553429331639492e-05,0.008032120823258326,0.023027150181417655,0.011396523344089138,-0.07226418549159785,-0.08341971854518648,0.01456891869865884,-0.031598162112053574
2021-02-10,0.016853932584269593,-0.02363300420226555,-0.0051194896117446875,-0.0539179838418673,-0.005653814772165311,0.009781362744694544,-0.017779736771893595,0.013944257356044432,0.16084978409431439,-0.0030405682932489464,-0.043115700850762106,-0.05087621591229774,0.002824833643546798,-0.030046920778047825
2021-02-11,0.058011049723756924,0.0479354648082857,0.012006890665082315,-0.04524815152620443,-0.01977760476126711,-0.018233601637342,-0.0063355307439829645,-0.023575708997813805,0.11437908116495366,-0.026551862271225413,0.03379384013539943,0.0011912125186295253,-0.030751117500381064,-0.0614714650117848
2021-02-12,-0.07310704960835512,0.006340552089319829,-0.030508525807840914,0.029189878528352642,-0.0015133397465921794,-0.05919909952773472,-0.01884320556522756,-0.04426555321507708,-0.016226819282395444,-0.07691365257617444,-0.06106088112606356,-0.040452129747815424,0.007507811860502311,0.004899495806783838
2021-02-16,0.014084507042253502,-0.03915386853148484,-0.02272721020491575,-0.07600377263601366,0.0020208053743338006,-0.033312710590833294,0.0026109482582317156,0.07789471274928039,-0.07849763090013973,-0.039398365402415814,0.0021896713997759942,-0.2796032021069048,-0.008653769443723536,0.09725422073676016
2021-02-17,0.23611111111111116,0.1386416408236566,0.0125223064245914,-0.06863257875040674,0.004537143877313188,0.005743468548162101,-0.01620372107817114,-0.01953123181010552,-0.04744448595246131,-0.0085215169651226,-0.059864576164801564,0.015490559554580008,-0.0077595416221472036,-0.08956964842603143
2021-02-18,-0.101123595505618,-0.03290823754156491,-0.005300306321546655,-0.08035549504650841,-0.012547018770842633,0.014593879371576968,0.001764723833869386,0.09561753404327611,-0.0323748369879695,-0.0007686437697045356,0.01487333041609018,-0.017796639575133222,-0.022238511440176967,-0.05779604372879643
2021-02-19,0.15250000000000008,-0.02467034955591063,0.0,0.09281257862485348,0.014739695871158753,0.03252035429687239,-0.01332944352191845,0.045454545454545414,0.006785144816130906,0.03594405167586312,-0.006984119607667094,0.021570318956741108,-0.004998674247245649,0.004907314713145761
2021-02-22,0.06290672451193058,-0.14696907084090705,-0.04795736686291807,-0.08364033166783513,0.025544859778994677,-0.03573592637241585,-0.0535618643419814,-0.03304348821225378,-0.12990937279034787,-0.02328876037840233,0.011645272313427046,-0.04983109332637414,-0.05149467422860188,-0.0037981385602343654
2021-02-23,-0.19387755102040816,-0.02044987880632343,-0.10447759866236506,-0.10776036247445464,0.012698256858914236,-0.03266334518038039,-0.02244854488356096,-0.048561148148418165,-0.008547000709448138,-0.030893642582619396,-0.053111421770835165,-0.014222208658854152,0.024364460395591037,-0.022331145630842042
2021-02-24,-0.03037974683544309,0.021920672214967407,0.06249993791183073,0.062415511291048054,0.02122012641142379,0.017532497691674642,-0.015824048678931057,0.0037807147581732092,-0.036907299873545685,0.017900402831157125,-0.049590787864450925,-0.0063119651813425826,-0.009824226088860355,0.033983213207565255
2021-02-25,-0.10704960835509136,-0.12155256231053757,-0.04117647883801323,-0.09437965257534531,-0.02455740361768466,-0.03956604228081895,-0.0344444723690257,-0.09604515207917619,-0.1278321592957823,-0.04540037778680306,-0.06762913373615687,-0.0018149234966302608,-0.03838113408063548,-0.02478443414380238
2021-02-26,-0.06432748538011701,-0.07325587945734602,0.10224949154433127,-0.01311478602541516,-0.018881513918418524,0.015946828443624383,0.08914911358445421,-0.025000074505802994,-0.019563842347054217,0.03882563879730494,-0.018473248568504075,0.0,-0.010589280069404072,0.0
2021-03-01,0.046875,0.02948558841916271,-0.03896104700349423,0.037019492071331817,0.03997025488627903,0.02616086458654232,-0.04959599770198264,0.03205130360457309,0.15210996311086622,0.0065706371250862095,0.061444709116408314,0.04090904467033618,0.06256867947088773,0.024861814702032525
2021-03-02,0.0029850746268655914,-0.039609971028292223,-0.02316600184088602,-0.07551485536492641,-0.010438673798812803,-0.018483108324337083,-0.026026652989767807,-0.02070391432963803,-0.024985832981685108,-0.01782837455716091,0.003129146058845622,-0.006113510736568628,-0.03357445792286584,-0.024258699412330942
2021-03-03,-0.09226190476190477,-0.08819799004669016,-0.033596853402445226,-0.08638617689732553,0.0335651303919815,0.009090931609783803,-0.038203319109281764,-0.014799190566406883,-0.09813630821953945,-0.10455220745934879,-0.04289060237905418,-0.031634388859564155,-0.0692142294127649,-0.0013811943648281977
2021-03-04,-0.1672131147540984,-0.08281138412389089,-0.012269927283794058,-0.16933080536000622,-0.0006958857361449855,-0.07014158013279148,-0.0006282466868455794,-0.023605077313110567,-0.07071355102564181,-0.05323228759686982,-0.11841392304423204,-0.04355718312888468,-0.059431622184867416,-0.022130097316458208
2021-03-05,0.051181102362204633,-0.018209462764445683,0.02484469719556559,-0.004566190161291006,0.04735383054988618,0.045674730527603735,-0.030804718841150658,-0.03296705254493748,0.017025703941193182,-0.001095821094392102,-0.022181125497902632,0.07400373760698442,0.01739937541897918,0.04526173572510017
2021-03-08,-0.041198501872659166,0.011592007501452173,0.13131315563907653,0.0694626114052197,0.052526260500410205,-0.032428840652000246,-0.08468468468468471,-0.015909129578219106,-0.0649128660340117,-0.029535864978902926,-0.020163812043590634,0.01236754991064215,-0.07680771775133166,-0.029499326930492287
2021-03-09,0.12109375,0.13216191918029185,0.06785716444862167,0.12438729930180759,-0.016634980196895355,0.0725034492417278,0.04141727958138541,0.057736721571584715,0.14651071240688784,0.08017392365828813,-0.005787791092215944,0.06980795918029958,0.10009743160664453,0.04935862876847619
2021-03-10,0.059233449477351874,-0.008097158436581542,-0.011705714287309044,0.05286099690406654,0.0319058951164668,0.010204071702683226,0.023287478897449088,0.01528388053000973,0.022307287731329062,-0.034294011385989864,0.00032342266679052933,0.11419252045499229,-0.009748834009836393,0.0138187733989803
2021-03-11,-0.009868421052631526,0.14829927753655148,0.038917093910619815,0.22981369586910927,0.0,0.07323231289379706,0.04078620084102602,0.008602142157561943,0.1066084156402578,0.057435807287699925,0.14419654188384623,-0.031478792824236046,0.0596658703068953,0.040629074051520275
2021-03-12,0.013289036544850585,-0.007108941815807235,-0.019543955727765794,0.013257598107036861,0.020751037281493412,-0.004117629107306953,0.00184576533941061,-0.006396633143354258,-0.04535212986905812,0.0007883206568701784,0.1003108024381294,-0.0015116543378607128,-0.04870494143977966,0.03047856577378738
2021-03-15,0.05245901639344264,0.05787585322838673,0.1594684453801647,0.006022784873105591,-0.02927417482715544,-0.0011813619257619035,0.025085095432310744,0.019313338097612043,0.04072000864469616,0.018274969515474915,0.47663076599496046,-0.012112024458725501,0.017756687122354675,-0.02224394648756456
2021-03-16,-0.052959501557632405,-0.055837551984126765,-0.03438398958445554,-0.0937241376866349,-0.007329754358945451,-0.021880481089501025,-0.060763226340386334,-0.029473656102230628,-0.051885506302903006,-7.74330107076171e-05,-0.08330436374830164,0.03754782499904019,-0.01599299932602205,-0.02449998855590818
2021-03-17,0.10855263157894735,0.03823174422933029,0.013353138819611532,0.023690138147649087,0.009071619526615171,-0.002418434904062905,-0.012143916654013709,0.03253798069916325,0.04156708317671676,-0.002939731085965236,0.09087461579824585,0.01181682803688,0.006796676749386554,-0.0030753185668117577
2021-03-18,0.005934718100890191,-0.006329039603824582,0.011713019707128458,-0.0756563821780123,0.0033452377813694145,-0.021818218809185552,-0.02331995868235548,-0.0231092706355277,-0.08498423302355762,-0.06897894694469042,-0.060869565217391286,-0.06642334899246505,-0.010859962876400453,-0.04267351625443416
2021-03-19,0.02359882005899716,-0.04921831840992286,0.0376266620294079,0.09220023909353836,-0.001667187683018323,0.0216852784823649,0.08894655570860777,0.015053697502921848,0.04894883667596117,0.03950333842447118,0.03703703703703698,-0.02111017933650905,-0.03442135967806215,-0.06578949120606814
2021-03-22,-0.0057636887608069065,-0.035322772290568905,0.02928870793757632,-0.043641163518847725,-0.022124650179069838,0.0006064420267215542,-0.0014711503598402453,0.0,0.0406820400220278,-0.009300117300485078,-0.07785715375627789,0.02635776963718439,0.014136418916114835,0.027306718538068653
2021-03-23,-0.09855072463768111,-0.09343437384177344,-0.08807589231543977,-0.07351921344967849,-0.010672129947526754,-0.01575758962920215,-0.011295079880631609,-0.04025415017562661,-0.06122451888653391,-0.053168242381240405,-0.08501160808550356,-0.07470820039203807,0.03333328709457861,-0.03805261741694199
2021-03-24,0.1061093247588425,-0.08077993559510444,-0.04457655124585924,-0.10771148629048122,-0.0032364067803007934,-0.011699540439373712,-0.08564530399996184,-0.03090515161999896,-0.09277405697494501,-0.051709427792801854,-0.08507937476748517,-0.056349829680763186,-0.17653955483263994,-0.00814434512201978
2021-03-25,0.13372093023255816,0.06969697648390816,0.05909799760276235,0.04293283973751216,0.020995616558834085,0.014330309066549418,0.0634021273494314,0.013667413349507385,0.03071217619086819,-0.0011716742405916136,0.05412908113269066,0.05882351607879044,0.11431627494810992,-0.026099690013882793
2021-03-26,-0.19487179487179485,-0.019121778064990713,0.005873709572558505,0.07912320493306324,0.030315609538011268,-0.027641323339045565,-0.004670505694736482,-0.0022471353872549615,0.0062213038969616274,-0.019671542241283646,-0.045863510348569725,0.008417487154830816,0.015979545713336263,0.20415545862403017
2021-03-29,-0.10509554140127386,-0.05848378319905456,-0.010218933693251442,-0.12335892182308328,-0.01851829865656407,-0.027795298957922543,-0.034753321463273035,-0.02477480452630154,-0.0683371432721116,-0.016016180721143525,0.00850963513753844,-0.040066741283591556,-0.04120796903315482,-0.0015004093716586286
2021-03-30,-0.05693950177935947,0.039110447114553804,-0.01769916794731663,0.05227471943272999,-0.0014675850421828063,0.0032488132517969337,0.04344854907627815,0.04387992160929133,0.04610554107111975,0.04826937286306476,-0.05541620045003859,0.03652169047922338,0.04068240779990462,0.0017530602126027972
2021-03-31,0.17358490566037732,0.04280442181120003,0.010510536526299852,0.1643393838895426,0.004829124417119912,-0.01036268469951196,0.010846658994877023,0.011061989147312934,0.11218699581835323,0.016062851070620665,0.058667320439373505,0.06459735687123969,0.018284991685414864,0.020250034332275346
2021-04-01,-0.006430868167202619,-0.00920029111026388,-0.019316510263370668,-0.07518455005400049,0.003551691550221392,0.047120437147337935,-0.011882427547399654,-0.0021882338087966247,0.015310666481753277,-0.005796624438533238,-0.019384230415030346,-0.02994482266316978,0.038390145750964555,-0.004165694141677667
2021-04-05,0.01941747572815533,-0.002142838069370767,0.03333337427389793,0.040149642683667164,0.011451427419909566,0.011250019073486328,-0.0018949766992375494,0.02192980392267585,0.020993468092233902,0.0019434737335171093,-0.03488372093023251,0.023558053742090967,0.010435255353826278,-0.01820860912606259
2021-04-06,0.06984126984126982,-0.04724408266260405,-0.05571849045105648,0.02709185070531195,-0.012556742266188747,0.010506803033839551,-0.027528326808840653,-0.025751049246433566,0.02809155097001348,-0.03729497263117787,0.03397589993764116,-0.07222221156977515,0.007966965554037309,-0.019799520935229853
2021-04-07,-0.041543026706231445,0.02253938599569083,-0.023291940067493244,-0.09056958576786678,-0.011882283589182419,0.00550459636012568,-0.032287040317210525,0.0022026936048153978,-0.083098613040548,-0.03590077580997775,-0.04101604119766378,-0.023952100367764184,-0.058255318716506244,-0.01304019760346109
2021-04-08,0.01238390092879249,-0.036002923106450146,-0.027027039320341006,0.03798766881455529,0.007173104803431807,0.08880772731412478,0.04298566943080262,0.035164800154935394,0.028878723915175764,0.012159270917728504,-0.011178684863003663,0.016652050904087723,-0.029219728946593304,0.018134735508053446
2021-04-09,-0.051987767584097844,-0.01676831318199612,-0.02614376640588656,-0.01829866194112062,0.0018849934674873836,-0.04636871180973823,-0.012349380186890135,-0.02760087333079153,-0.03971339995213685,-0.028812760271183957,-0.06242313065999516,-0.024137935948381428,-0.017931459306780417,-0.007887978743302826
2021-04-12,0.022580645161290214,-0.025581390191052766,-0.03187920402757782,-0.05440805556428352,0.010035907919520914,0.002343346001316693,-0.3946971683083811,0.008733616270600209,-0.044154231437541824,-0.02850796754867957,0.016251609622196073,-0.002650181243056604,-0.02804045021885382,-0.02590413164276084
2021-04-13,0.08201892744479489,0.007955480023671191,-0.0017330592855689941,0.013585463747878057,-0.018215945600960404,-0.06370544206342343,0.06657539115837108,-0.02813855360630302,0.08425510992911467,0.06028048972623434,-0.013412443941809182,-0.056687281650246835,0.007380114882406197,-0.011848361462959534
2021-04-14,-0.06997084548104959,0.02209942630506223,0.010416656318638529,0.0036793532839831666,0.010410061738490572,0.02496876448816976,0.060086356094850135,-0.013363016890443835,-0.02340241677596866,0.012946851770572199,-0.003398720735038774,0.05258216792046233,-0.04062608034656712,-0.0047961713570605635
2021-04-15,-0.13793103448275867,-0.016988437858617478,0.013745690952998268,-0.10290653172286979,-0.002312859606217743,0.054811182359836286,-0.001100577519803636,0.06094807932030366,0.009216566638778234,0.014911554988876308,-0.011542461674650117,0.025869726561192907,-0.01006591508346022,0.01338688140366151
2021-04-16,0.07272727272727275,-0.0361350432846792,-0.001694954020371564,-0.02685342130816959,0.012012610267579493,-0.034064674537159556,0.0019832558499237596,0.036170230466567865,-0.04018258291596166,-0.007848152910943318,-0.0023885390620744795,-0.10000002211418701,-0.02138852035626493,-0.009246987800023199
2021-04-19,-0.0847457627118644,-0.039934857906418375,-0.03565365753943117,-0.07738452045285282,-0.013744416288809513,-0.03347277234100432,-0.014954921638888563,-0.04722793110437251,-0.060894387392359306,-0.03062915557087542,-0.014099462015043085,-0.008695605702069509,0.0007166054415268519,-0.039733378092447924
2021-04-20,-0.025925925925925908,0.0025467476507268216,-0.0017605197793821858,-0.024707419480713755,-0.027871525761269833,0.023500257203072028,-0.08193797518700874,-0.05603443093234517,-0.017223918215778178,-0.0037954410114381387,-0.008634637964553327,0.022417108879674297,-0.020408152115866218,-0.015828928669607056
2021-04-21,0.06083650190114076,0.052497871594419765,0.024691334144937738,0.06366666158040357,0.02063434046942625,0.0380665315503137,0.024440688089024887,0.025114076210768888,0.03883158577159884,0.03952758939250356,0.005715815864965945,0.05719736840430545,0.03801165880768398,0.04881488739484685
2021-04-22,0.010752688172043001,0.020112630238303453,-0.018932897521127923,0.014728963426843933,-0.016812231880708017,0.0069848038273092605,-0.018160222899666123,0.024498917399055964,0.008269930657812674,-0.0024738560067466553,0.040595398349882794,0.021641154517480832,0.006338038999772921,-0.012644536700529896
2021-04-23,-0.007092198581560294,-0.018927501499705457,-0.0035087687010102453,0.06454601864253573,0.02965354865117331,-0.006936354750103124,-0.036146008458002754,0.026086932184114398,0.015748016714081325,0.009185266600274744,-0.01040316041461442,0.0008825765759192805,0.0283414789399814,0.016076298101434627
2021-04-26,0.02857142857142847,0.08279748564217959,0.033450715310326506,0.03829415863296837,-0.010930966415049537,0.040163010582120906,0.03637267997471105,0.03813565957138998,0.05394063414168948,0.04550832688638984,-0.002102444624479838,0.04056440474856915,0.02790063667415499,0.011263023830348828
2021-04-27,0.04513888888888884,0.02746843936334198,-0.02725721474130327,-0.03688180109130823,-0.002125533481323716,0.00559588525041077,-0.036790524223351495,-0.0061224916784619055,0.03095305818178895,-0.013145312963574352,0.006847466767829324,-0.016101685600423576,0.006620349851061302,-0.02413152663763407
2021-04-28,-0.029900332225913595,0.010838122606684042,-0.014010494425848785,0.013054741291158134,0.002981947693704301,-0.005564745572738006,0.00301552335980948,-0.018480426666457772,-0.0002972152709456166,0.013143947210189744,-0.001307853456950947,-0.008613351593060425,-0.01940151777534782,0.01657610388581854
2021-04-29,-0.03082191780821919,0.016440350226843536,0.007104788817042351,-0.02634588250819203,0.00828181409690254,-0.006155601857055215,-0.03657770389539694,0.07322173415691147,-0.004460348531511782,-0.011667360519752812,-0.007595623708992805,0.006950526700009396,-0.07142854401625964,-0.011226895767399103
2021-04-30,-0.03886925795053009,0.01758087168111122,-0.02821866759421443,0.012647067799287592,0.005054848884119556,-0.025337880469598728,0.012352059589228803,0.06432746907297471,-0.10842291548383132,-0.016474343330006525,0.008973348061884101,0.007765327989904813,0.00794508158582019,0.028926727393124185
2021-05-03,0.0,-0.03455424953510855,0.052631569837861436,-0.0699970905039411,0.007963257669047152,0.011554059451761134,-0.03506297631046562,0.08608054705273593,-0.08643215714354446,-0.045951247594628986,0.0,-0.18835617034887275,-0.07022569312749005,-0.035995866977121094
2021-05-04,0.0,-0.01431637834232291,-0.015517267177277083,-0.01561524025146499,-0.000831519275290793,0.005711043984156117,-0.04019694866858281,0.0033726781628116154,-0.06637335324194005,-0.043751793903346714,0.0036620295925917645,-0.05274261504333355,-0.008863254058683379,-0.03461435010354996
2021-05-05,0.018382352941176405,-0.029774930098514507,0.014010494425848785,-0.01935281096105801,-0.01019590931789327,-0.03009657400772381,0.03758145973560878,-0.045378149509530896,-0.02042413861405723,0.040844415556534175,-0.009642922652710939,-0.02895325431265039,0.017496142105486,-0.03303213521820891
2021-05-06,-0.02527075812274371,-0.032185581029304466,-0.0017270729033782573,-0.05758656407093243,-0.000841075061677854,-0.025175662007993704,0.0013365206432633947,-0.012323890306294882,-0.023255810396395793,0.0915007711798459,-0.009210486161081444,0.0034403728254146504,-0.052732103811366504,-0.08729926339031135
2021-05-07,0.051851851851851816,0.026295448148736078,-0.10034608641691456,0.06831451204252037,0.0016834689701312744,0.018618586969658235,0.06780568546730659,-0.04456327879681998,0.02175692799743434,-0.010197911282622485,-0.0228419807569048,-0.017142886207217267,0.036708342630279,0.015674976568472276
2021-05-10,-0.017605633802816878,-0.014318050301682983,0.021153872605612634,-0.15488436607290224,-0.016383108635356858,-0.04304242816290382,-0.0256250381469727,-0.05223884381225963,-0.07432697948921985,-0.046101447966236386,-0.01766788555867016,-0.08837204832245726,-0.05252919616315688,-0.0355905247485544
2021-05-11,-0.08243727598566308,0.019877693455533807,0.024482131043652933,-0.02623568998955239,-0.009181963776441426,0.01910051645314459,-0.012956953770075996,-0.013779467692029312,0.045572881742071525,-0.007048024192827462,-0.006640782175504789,0.08163265471621939,0.00821350523439901,0.029719132020601613
2021-05-12,0.015625,-0.036731616605199746,-0.022058802260453536,-0.053104278716879505,-0.008189796995266452,-0.003627652356094413,-0.012217343534946079,-0.027944179027313165,-0.04815275384244844,-0.019174057583781767,-0.07743739487002932,0.03655661500206131,-0.0008146049302050207,-0.047890903774112314
2021-05-13,-0.038461538461538436,-0.00856035852809689,0.030075158317550033,-0.11422682300056375,0.04085181442255981,-0.03519417110538037,0.016315761365388592,0.018480524579634228,-0.027474969896665424,0.0029135108472564397,-0.04619561680673667,0.0,-0.06441092048424724,-0.024317106299295177
2021-05-14,0.0040000000000000036,0.0502355066578295,0.029197052345843133,0.11592177952434568,0.0020877191020465258,0.020125767452930265,0.05269290273677374,0.022177446102500387,0.056502254349311,0.0390778577895432,0.12757197720262536,0.09215010695835035,0.12287579961121664,0.021509018131598
2021-05-17,0.031872509960159334,0.05979074618029556,0.024822756495912923,-0.036295325690729574,-0.003958257950886002,0.026510500824851846,-0.08768905998650334,-0.015779171170520412,-0.007215623096243795,-0.005321034925191981,-0.006457033945344914,-0.033333302427220435,-0.03764071414328962,0.027740639090561903
2021-05-18,-0.030888030888030937,-0.007757447671662754,-0.012110755903190218,0.06623371229570219,-0.016105648215081203,-0.003002957249614635,0.010514947102830519,0.11222453813684519,0.042753314497415706,0.010336380271875889,0.11104832927251485,-0.012931056335432456,0.0032258034744816477,0.0029268342305004413
2021-05-19,-0.003984063745019917,0.0014214966735948131,0.008756600770722489,-0.025172511287469668,-0.002763506749681177,-0.012650661867195434,-0.00013343298229229195,-0.03063064332461507,0.0028700162597761203,-0.025217603436219593,-0.025686630960634282,-0.028384235527297963,-0.0004018618115135819,0.006485109012642765
2021-05-20,0.03200000000000003,0.01774308000657343,-0.010416739102864003,0.062473968583958595,0.0006392875576270995,0.015863345855036792,0.018412340747198108,-0.005576247057657802,0.059689331417354996,0.029644572913711587,0.021665308969058827,0.010112304970036012,-0.09609976744458926,0.008376234338419275
2021-05-21,0.04263565891472876,-0.023012546736026374,0.0035087687010102453,-0.0015680484189903865,0.021730055957508432,0.010210215026356328,-0.03000132137551792,0.020560772986024656,-0.013503101097203762,-0.0402360528196426,-0.023760866624380816,0.011123513238675997,-0.050266867605736065,-0.0009584274769359746
2021-05-24,-0.0037174721189591198,-0.13990007181487418,-0.012237709334229407,-0.022771886114733686,-0.002293570031301151,0.0,0.005942766558150847,0.00915754402665403,0.008603880458694535,-0.01630333575279108,0.020675240367864278,-0.0374037565325116,-0.01920373958250421,-0.05660378739534744
2021-05-25,-0.04850746268656714,-0.020746887638410372,-0.014159278293047861,0.002812362255554479,-0.033437640179213246,0.039238992829185415,-0.012083800823232904,-0.04355721197565654,-0.003877486542062103,-0.016668193653534336,-0.007692288129757641,-0.06857139950706848,0.013371479090531713,0.0
2021-05-26,0.03529411764705892,0.07288132565900307,0.014362642951623705,0.16025641613458053,0.014270118091744832,0.020022905642762323,0.0076107304248176355,0.02277037684884098,0.01518098020789882,-0.008956951639941368,0.016795806159365823,-0.012269985073534717,0.040527834032979104,0.03694915771484375
2021-05-27,0.030303030303030276,0.01816749594650746,-0.010619458719785979,0.006560792129288728,0.008740244195246438,-0.0016825960052652134,0.014297242612895777,0.0037105716923799825,0.03796011403429023,0.0062196246856953685,0.022617617251777578,0.11180127559371655,0.01766301589655872,-0.009480252176553572
2021-05-28,-0.02941176470588236,-0.018619140294810377,0.0125223064245914,0.0013722441183812162,0.006339631391451661,-0.014044944422215822,0.003457475356141604,0.02772645094235715,-0.0007388421865219819,-0.017674346290065146,0.004224606407913889,0.004469233898692249,-0.006675550650378725,-0.027392737445711357
2021-06-01,0.037878787878787845,-0.015019730127499797,0.005300390568396596,0.0541281224665473,0.007559787547045005,0.014245014864278316,0.010469134973656535,0.016187077970166053,-0.02329017295880198,-0.018483898046804503,-0.002969535568866144,0.015572861957248163,0.006720413108475931,0.03155752720884353
2021-06-02,0.04744525547445266,0.054574663169656645,-0.026362055159750875,0.01007473062497688,-0.011462878418492806,-0.003932567293512879,-0.17678687924244363,-0.008849591131132817,0.012112024750194683,-0.021336320181754242,-0.021593515185221568,-0.019715188762756797,-0.010235849989529533,-0.0250000078427165
2021-06-03,0.006968641114982521,-0.01674279005179813,-0.0018050094067749711,0.000643515373641268,0.007590070012154948,-0.018612517328042255,-0.015453261329125167,0.0,-0.04749440795191773,-0.034083872115413305,-0.025367834765344766,0.0033519609426151398,-0.07419063109312773,-0.01248309512496093
2021-06-04,-0.03114186851211076,0.0023219607425728483,-0.012658258409686929,0.01575561945684467,0.002511029357765482,-0.02643672957226828,0.004692571506593746,-0.01071427567880967,0.025520280463380063,-0.02310056418065265,0.0707964953236695,-0.02895325431265039,-0.009227806345292189,0.004783033394565761
2021-06-07,0.02857142857142847,0.03474902053227691,0.04212454532354615,0.13675212643107004,0.013149547024356334,0.030106269941166053,0.0354324489858735,0.019855619904663557,0.0696783934283225,0.03579558883796197,0.009965966297881712,0.06995412593196515,-0.010294072960761458,-0.007820453703829777
2021-06-08,0.38541666666666674,0.04029850576311089,0.0035149351011225516,-0.032024548336548775,-0.001854220940366913,0.029799342560455244,-0.008243935082385967,-0.017699097866309854,0.02362204133130197,-0.021363503625140945,-0.00842354947166668,0.015005361905266135,0.01733533294758094,-0.006168619029926936
2021-06-09,0.14035087719298245,0.08536589453935228,0.029772342409495778,0.029056449510953763,-0.01630523206854817,0.012799190783164605,-0.01035131531973732,0.0018017570632469226,0.01573422551009407,0.0099518494975539,-0.0075243050376316845,0.0,0.03261918885499293,0.016551708352976924
2021-06-10,-0.09890109890109888,-0.06939855801671047,0.023809500639594416,-0.0587084781085756,-0.015107366882177509,-0.04285717878835582,0.012678337101480475,0.0017986023353870895,0.024440654405095685,0.052765453505597026,-0.0462215558292941,0.016895443323279524,0.037718113104250106,0.03833110874022472
2021-06-11,-0.21219512195121948,0.02059658831139366,-0.009966767935156495,0.03177913774014929,0.004048038122608233,-0.025258354312890807,0.0,-0.0035906607379059263,-0.01814519191445696,0.023651353257703844,-0.038461538461538436,-0.009345744413957413,0.04497954388110692,0.030708873177581753
2021-06-14,-0.024767801857585092,-0.007654812634187214,-0.03355701476259032,0.08837074111965637,0.00106066888866585,0.11542997907308239,-0.006259804637358424,0.025225200301670414,0.009924740668792786,0.01150327577894883,-0.012533365885416647,0.0020964173369322214,0.046956518422002436,-0.005705179149916195
2021-06-15,-0.053968253968254,-0.009116417416152545,-0.010416739102864003,-0.08754301118934105,0.00890223399081247,-0.037486851731845294,-0.004881911390409721,0.007029870202245103,-0.050491350713711025,-0.027604941812887418,-0.03996758279840351,0.053347237204204756,-0.008720892239950429,-0.021039264810452263
2021-06-16,-0.06711409395973156,0.16489730723005946,0.012280732281358064,0.03913039055423462,0.011344347859831627,0.014810776990867192,0.0007913127527221508,-0.020942388335015272,-0.004282685127513952,-0.022590984761573396,0.024753898368522043,-0.023833145818417334,0.018014176066571075,-0.0022793779521671498
2021-06-17,-0.021582733812949617,-0.036451972124434184,-0.036395154045260836,-0.004184036752188924,-0.029289465532892467,0.04216219927813558,0.005692548799802966,-0.0017825719507730264,0.05913977208208987,-0.01840862594431114,0.003293959123786161,-0.01831125847303583,0.008230484329992294,0.00554830547259666
2021-06-18,-0.003676470588235281,0.007566197235607142,-0.0647482261185841,-0.003921551446961713,-0.01005780691840974,0.09699164239034697,0.020597566343045104,-0.03392858222431083,-0.013536366458805515,-0.011044021159764883,-0.00547197721242787,-0.032124362026488384,0.014285729855907148,-0.012982785636605931
2021-06-21,0.029520295202952074,-0.021276546223604753,0.021153872605612634,-0.05118109180364694,0.02680508677527671,-0.03687937557282461,-0.028809161008777284,-0.009242091554147236,0.020240142720716614,0.006005053790768988,0.045392065891106004,0.04282651092028544,-0.06398390857867065,0.03551463101365204
2021-06-22,0.06451612903225801,-0.005115084523652835,-0.009416142078437106,0.07053933417368219,-0.0008421199996694329,-0.006872915622439413,0.008248738106150455,-0.03731348528365808,0.017148629213411093,-0.007540069502675162,0.02526313380191203,-0.03696098388381752,0.0017196477981562541,-0.024769790165603767
2021-06-23,0.01683501683501687,0.04048843813954317,0.0,0.09191583037101103,0.01116725111101835,0.003460192605445833,-0.00015736526139653595,0.011627896231359847,0.03801651631505032,-0.011079407613760917,0.03439425523811024,-0.00746265419429637,-0.011587920998108237,0.04168025805291187
2021-06-24,-0.0331125827814569,0.0006176793423076088,0.028517036502517357,-0.040821421189502716,0.013961150309871329,0.003448354916440355,0.04547605411551814,0.026819990220270373,0.034394902446709175,-0.005548487683396108,0.03647645777996167,0.03329754010075825,-0.013026536494336383,0.07158483978003072
2021-06-25,0.010273972602739656,-0.0074074588630836935,-0.012938945803797619,0.003700750274178155,0.011097606494059997,-0.03681884973492344,0.013244991286597951,-0.03171643135435542,0.04094833281401922,0.006759709264393621,0.006224522831789425,0.028066508967842907,-0.006599191445276875,0.034714191475553546
2021-06-28,0.06779661016949157,0.013681549402880133,-0.02247197733469819,0.02001575710033987,-0.018292908421698617,0.0030580766246657287,-0.024806865367138498,0.01348750884192973,0.04525284581932998,0.027389956780045965,-0.024506276688359807,0.0020222266864879934,0.014171820013527237,-0.0890893639317859
2021-06-29,-0.053968253968254,-0.024539855046177728,-0.013409903762017006,0.0493157725274227,-0.01076604475685472,-0.02693092878185166,-0.009596418403191587,-0.0019011841153402376,0.019241661070733995,-0.001141085151560195,-0.02951217279201601,-0.09384456949671527,0.016593933381891635,0.16620237399073168
2021-06-30,0.020134228187919545,-0.3805031057994316,-0.005825283350059718,-0.05733262921630122,-0.00041830263461073436,-0.015665756816530485,0.020455273757638892,-0.017142886207217267,-0.029150450408565565,-0.00976220201961453,0.01708972831187916,-0.01002228850821052,-0.014175254036627116,-0.09766455083256176
2021-07-01,-0.03618421052631582,0.01928929675380897,0.03125006402842834,-0.0751762193911879,0.0037688131245741108,0.05676390839100831,-0.039186112040909604,-0.007751930820906638,-0.017443539864403168,-0.013004697258658937,-0.0037064868137974827,0.043869519045630634,-0.029629641942054863,-0.014999950633329484
2021-07-02,0.0,-0.06972109680525751,-0.026515215484780308,-0.030200386271741264,-0.013558514187052673,0.004016060411629274,-0.00972547344132968,0.011718739086063357,-0.02561120641686243,0.0010625701144677535,-0.020089319926135607,-0.03663794727633496,-0.037718910432040564,-0.005673407939194464
2021-07-06,-0.017064846416382284,-0.050321226911177575,0.0019455698719061942,0.011059402251603956,-0.023260841883069427,0.04250001907348633,-0.003643268467367289,0.025096548021047438,-0.013440883186744412,-0.029614700590599896,-0.02404446946595873,-0.04921699141849567,-0.017265554548034023,0.021321294316501982
2021-07-07,0.02083333333333326,-0.04960536483203881,-0.04466019705133162,-0.0621761584067787,-0.0030310119602849905,-0.003357299450528095,-0.03783785390110095,-0.007532949582686688,-0.02785341213884529,-0.01957997102799547,-0.02463694836892516,-0.012941173478668855,-0.056030405275367845,-0.019994017172531908
2021-07-08,0.0748299319727892,0.07117430677043135,-0.046747970631483615,-0.030079846363017748,-0.01758953336422664,0.0057747318536849335,0.02891606058762841,0.015180251232560726,-0.024291518898135855,0.03648336910259409,0.006381224670958252,-0.003575691391143665,-0.05432595419005082,0.043804350562991035
2021-07-09,0.053797468354430444,0.01993358920250543,0.002132143267095099,0.06708863334307336,0.026746147700348777,0.00430622747514775,-0.008029548680333454,0.04485986023055921,0.02010849544528437,-0.016792305299948906,0.012417470003980968,0.04545452125663241,0.050000030436415654,-0.007185972791636797
2021-07-12,0.22522522522522515,-0.03257331047690448,0.02340428467625899,0.0083036408410615,0.009257279190056034,-0.012863290171884034,-0.037558680227152696,-0.02325583379111973,0.0,0.00043793427995519885,-0.0013047817708438103,-0.0640731671175706,-0.011144848830058063,-0.03387382607499023
2021-07-13,-0.019607843137254943,-0.034792308782409354,-0.027027051140835368,-0.044411715339211844,-0.011945404930767123,-0.03426636621628876,-0.0063919438728102795,-0.03479854503534796,-0.07165203610069182,-0.04169399948686514,-0.06009927383196456,-0.02811738012695142,0.027663882966966646,-0.015882493145376375
2021-07-14,-0.25749999999999995,-0.009302316297383983,-0.04059830431402134,-0.07756239565793777,-0.002828396019309287,-0.013993037653311169,-0.08752324692153868,-0.026565439656981216,-0.07111562537667238,-0.03231702456225949,0.014456503756368422,-0.032704430782799054,-0.03040870983264865,-0.013702824629980737
2021-07-15,-0.06734006734006737,0.011737021411106552,-0.028953150162719377,-0.01668335039891722,0.0085095555411141,-0.001013707968966604,-0.006122482777597749,-0.017543889001978896,-0.020319284353920608,0.00011803323675496635,-0.0013703219911693765,-0.013003868271738717,-0.030848347451635227,-0.0033961288182894345
2021-07-16,0.08664259927797824,0.019721586838851612,-0.011467933303607514,-0.013233776679177134,-0.022717388427251572,0.0005073683077800872,-0.009520222595455374,-0.03174600171093711,-0.019259276213469345,0.006843679422474214,-0.01399556368696997,0.04084322733769152,-0.04880636910746916,0.009603512546903836
2021-07-19,-0.09966777408637872,0.04550621390969267,0.00232023875048748,0.007565313408929741,-0.02147421451938214,-0.013184596244167346,-0.01997740945827775,-0.01639342660450327,0.02832326332950763,-0.012539548480764329,0.03367656760911175,-0.029113945647486927,-0.012827637385479318,-0.05676589054335501
2021-07-20,0.0,0.02285093011268824,0.0879628755796138,0.02252559264838805,0.011538394553941567,0.032374157130249825,0.008653860825758697,0.027083256757924667,0.07234672250535534,0.027177793228926106,0.0,0.0391134119764418,0.005084754164323746,0.05530250059364206
2021-07-21,0.07380073800738018,0.021276677771900232,0.014893654149386482,0.0891188940331562,0.013643287363443779,-0.016923850174490607,0.003050521355285829,0.038539566701057515,0.07499995100988222,-0.018948576913020987,0.036618218435690686,0.007528243677310753,0.053962846265778186,0.012947040734359927
2021-07-22,-0.037800687285223344,-0.03645837162103771,0.008385736271063537,-0.06619680306634779,-0.0214033422153741,-0.003544288345530111,-0.027181149754528122,-0.007812492724042275,-0.0012742596035826281,-0.01601696563061694,-0.015064982624797052,-0.033623887953996845,-0.021333312988281228,-0.010651317173381303
2021-07-23,0.03571428571428581,-0.039999987628008826,0.004158000242086457,-0.04003936136683095,0.005411481498700743,0.015243863435390637,-0.021297384644166528,0.021653569914653614,-0.03189792624663179,-0.009934192707814926,0.01529540767567017,-0.0244846041821567,-0.13896458516207522,0.027376291919283258
2021-07-26,0.06206896551724128,0.02139634886651831,0.0,0.017094017094017033,0.009419275362259283,-0.07957958903986662,0.005390306586966931,0.005780295306443195,0.0006589936577359179,-0.04061896229168116,0.006493506493506551,-0.025099062871118294,0.011392363881553402,-0.01706585834681995
2021-07-27,-0.08441558441558439,-0.005512595230744988,0.006211223660916865,-0.02352943740972957,-0.012886167907840806,-0.03969546310301886,0.002779971960914951,-0.04214555537052489,-0.011853822864782315,-0.0008820525993681327,-0.002322584582913345,-0.027100202830250497,-0.08385477079469594,0.021017319166162673
2021-07-28,0.049645390070921946,0.04212850792480061,0.018518451291821503,0.07091226944553464,-0.0054018410130903805,-0.0022649495200631753,0.034455478781520776,0.04200000762939449,0.04998333850582215,0.025350007731389068,-0.009829308577730678,0.05431746143064964,0.1714480339033817,0.013424843579774581
2021-07-29,0.04054054054054057,-0.03617012901184935,-0.004040400342860351,-0.026358073890598743,0.01878272068087017,-0.0011350997055084022,-0.020865239616506104,-0.0038387679040453593,0.005077748214849409,-0.01168517271803693,0.014629085453207624,-0.03170406615501675,0.011661852325836497,-0.05181048198366944
2021-07-30,0.0,0.0011036727090949494,0.0,0.009243934329276948,-0.005553128142088304,0.02159086093922391,-0.000586560959904614,0.01348750884192973,0.015156345071948962,-0.0064716447161338175,0.04273943977576189,0.004092776422221611,-0.0011527641108891595,0.005898865160099964
2021-08-02,0.0844155844155845,0.01874311819337282,0.012170374212723045,-0.02682367363461413,-0.01094495467679324,-0.02558393193459685,-0.006259775068669371,-0.020912572001501206,-0.028304874387898304,0.012651816155201834,-0.040493812090084846,0.029891297540427297,0.024235434399478395,0.0015431862563528576
2021-08-03,0.0988023952095809,0.05519483133278458,-0.008016024787124265,-0.020504222196691124,0.015130944728414475,0.010844670190906847,0.005905496881222216,-0.02330094822076323,-0.032970572797435094,0.03624443886574569,-0.02470404192986375,-0.03562002964358668,-0.014084507042253502,0.003081617003698245
2021-08-04,-0.05722070844686644,-0.0010256645007010734,-0.024242402057162327,-0.028140003843497352,-0.021134365627542673,-0.00846976997654314,-0.027005817898739237,-0.01590465153206444,0.06355518178845032,0.02005491670644388,-0.06886544868789513,-0.008207948138208576,-0.01714281354631697,-0.06298000875915455
2021-08-05,0.040462427745664664,0.049281366241299196,0.04140792738332699,0.021892685237094422,0.012954423282034444,0.02220964173452722,-0.028761067378661687,0.010101049022522401,0.08994706796061647,0.056875374884978624,0.05355622954424044,0.07586205142667923,-0.00406986041091828,-0.023606534864081707
2021-08-06,0.02777777777777768,0.002935394538880365,-0.03180920826549305,0.01831371007312721,0.026924057138316027,-0.01949862766537347,0.03644643379924406,-0.018000030517578147,-0.0773843246444581,-0.020042050797525635,-0.03039271271759314,-0.01025640064233635,0.055458307617157976,0.05406308481802413
2021-08-09,-0.16486486486486485,0.02048780859970467,0.05544147582572623,0.040380066568863615,-0.004369626252195502,-0.04090915938054085,-0.009790167257519244,0.036659941093613924,0.0244505437094511,0.016836134053892948,0.029680990775839522,-0.1981865363915698,0.022123872799678646,0.043325920254718264
2021-08-10,-0.04207119741100329,0.040152970818568834,-0.009727571049898076,0.08219179616128969,0.012508010059417929,0.04265410287321525,-0.032687705845284465,0.023575615316646203,-0.07250748706402677,0.0204467608730321,-0.021012898753800413,-0.027463663826768014,0.02326841535861557,-0.03358779790747257
2021-08-11,-0.04391891891891897,0.024816130629538025,-0.00982321988918644,-0.07414107803481695,0.024707481442103996,0.08636366050105404,-0.04046722324326779,-0.023032607424272156,-0.02736156780823029,0.00990957219394395,0.015960319590590855,0.0,-0.006345792324328747,-0.015481825498388946
2021-08-12,0.007067137809187329,0.06098657654173212,0.00595242262607476,0.018554740068794873,0.002538159616223279,0.0439329606887684,0.003260902736498039,-0.00982321988918644,0.02444740546935087,-0.000323471856673363,-0.023564435943459805,0.02325581886566397,0.01383705741697705,0.01765081000493729
2021-08-13,0.007017543859649145,0.016060907462634555,0.007889538559900933,0.00031953727199285353,0.0008438145560669685,0.1152305235423785,-0.012134373884624683,-0.03174600171093711,-0.03661329956347348,0.00032357652457259967,-0.008321754324813968,-0.03084414009434766,-0.008923888876762875,-0.069063345630349
2021-08-16,-0.06271777003484325,-0.03078209859754344,-0.027397326744582395,-0.07476039008388313,-0.010750361788699925,0.037735855523397976,-0.0032902286768339284,-0.02459013990675485,-0.03596876452800046,-0.05111061001675188,-0.006993006993006978,-0.050251235410273765,-0.0407838233390988,-0.014227644640279369
2021-08-17,0.026022304832713727,0.034334814189037166,-0.04024141201370646,-0.03211320536007134,-0.017046672777383143,-0.04891779434868293,-0.03983269395456934,-0.016806806028663912,-0.03555087061972784,0.007954510775479484,-0.02253518977635338,0.08818342033018323,-0.0933186348481746,-0.06494849732718844
2021-08-18,-0.0036231884057971175,-0.01244818006890358,0.0461215494908489,0.02425966397321999,-0.005419506408826269,-0.018206628631396105,0.024982812878830307,0.0,-0.022992670421080663,-0.07598644978198166,-0.019884796145111072,-0.08914098315113572,-0.002436109338701753,-0.022050661312351227
2021-08-19,-0.07999999999999996,-0.026890731519514155,-0.018036007991752867,-0.11354923112123405,-0.0006538525417206786,-0.01251740665663803,-0.06283544938702113,0.02136760366190571,-0.03548751388474258,-0.04929234944675254,-0.01646567439667268,-0.016014261446580247,-0.023809487767408766,-0.03043973523908594
2021-08-20,0.01976284584980248,0.09499139798937772,-0.010204120359535218,-0.0011788088701826238,0.01875676940810167,-0.020187718930946286,0.06036742516125537,0.002091998243882731,0.0844306867134772,0.02874750443791463,-0.0029896049786987122,0.03978299224482851,-0.0025015611273039307,0.031007797211870303
2021-08-23,0.0968992248062015,0.0315457104813317,0.09072166306646423,0.07041695526382075,-0.0072788167118594815,0.045519828336802126,0.03892888379156201,-0.012526084187343023,0.03428568158830925,0.05601294484336328,0.01649184638447898,0.07478266176970116,0.02570537968585196,0.09022554827488571
2021-08-24,0.060070671378091856,0.013761491301659046,0.04725897954684055,0.03932383822766994,0.004744315186482551,0.03666366432621637,0.025341174573178638,0.07399575120955837,0.02209949299826519,0.032250391947181045,0.00648959870511856,-0.022653724679279397,0.11246944278374027,-0.015517267687567338
2021-08-25,0.06666666666666665,0.04072397832066721,0.0018050954784647466,-0.012022635938210846,-0.0006440849759434819,-0.02033602894582731,-0.022602443839783715,0.01771656573613334,-0.01722973724017607,0.031586200766589245,-0.012309442617034483,0.0314569353435159,0.11648345291290907,0.004553452595069896
2021-08-26,-0.078125,0.034782575043628805,-0.06666672967217491,-0.02075876566283741,-0.013745595571618141,0.011732862394951749,0.0049708134852144426,0.01740815304830834,-0.01650049981844459,-0.0017749726403173405,0.02670616293194228,-0.04012840976827803,-0.017224428480620335,0.013598304933701622
2021-08-27,0.057627118644067776,0.0287114744453012,0.021235547714233194,0.048976612671598696,0.030488171156761057,0.044603032854462876,0.008602183352234505,0.07224327396741193,0.05138061104488845,0.04412084288950724,0.046242842756628155,0.048494922295746035,-0.10615918902245847,0.0020639651383644875
2021-08-30,0.10897435897435903,-0.04084407385529376,-0.0075614295163465295,0.0006968135847877921,-0.02113286298469297,-0.0200682882930574,-0.008742000726500554,0.06914899867998958,0.012632950855399505,0.01958492844123061,-0.020165732785941803,0.035087712182401365,0.05098038251902737,0.07929974046831467
2021-08-31,-0.08381502890173409,0.06387506094987305,0.07428568885439923,0.08426184311114082,0.0075563441606276704,0.02701520310561234,0.02817804928582124,0.06467659252336766,0.027905463132565478,0.00521975148993814,-0.028756707715259955,0.02619415751761367,0.05490408710442218,-0.010178107168846151
2021-09-01,0.012618296529968376,0.025350241510548877,-0.03900705592192455,-0.05459212873831765,0.0044992938895922485,0.017394987387383987,0.0037656968211041697,0.006230523579077385,0.024912190991697614,0.0348945952685078,0.057764813343932575,0.015015072636763493,0.050530568657801034,-0.017994902255433542
2021-09-02,-0.07165109034267914,0.04554325403234549,0.029520266634666337,0.023097836033974417,-0.004266164985681553,0.01334444123990064,0.0004168498948413646,0.003095972261363933,-0.019009056012808112,0.01826392039092517,0.02113063904451673,0.004437877196284079,-0.012987034433558753,0.029123079599164603
2021-09-03,-0.020134228187919434,0.022402029694344794,-0.028673808171997717,-0.019920330835057065,0.0017136594599980182,0.015226372462971094,-0.013333320617675781,-0.023148162797209215,-0.00794155030607857,0.009165273420594255,-0.013705948241907406,-0.07658327486596828,0.0623781067613276,-0.08171706008991042
2021-09-07,0.020547945205479534,-0.013390214036321124,-0.027675293958666858,-0.0027100244737636725,0.0014972053440793776,0.022699613466174995,0.011824272621976162,0.007898924381912087,-0.030419432261150514,-0.00410154455748879,0.028065361250264376,0.015949024610679263,0.019724785331403538,-0.1253462270456892
2021-09-08,-0.03355704697986572,0.018507166030413025,-0.015180251232560726,-0.05706522672213532,-0.008968726138157357,-0.0332937046305406,-0.007721180008820272,0.05799371142981635,-0.028731863259735535,0.003137867074824552,-0.08136760487864703,-0.0031397891875792894,-0.05668017340656595,0.004750551496336186
2021-09-09,0.05208333333333326,-0.0066626655861053985,-0.00770712165934917,0.007564808456095529,-0.004740325665003597,-0.02583022454006234,0.023343861790988685,0.0029629601372613834,0.020061208964603505,-0.010361731733790625,0.01702250880511591,0.014173252943674886,0.02622800011533233,0.0
2021-09-10,0.02970297029702973,0.02499999127736885,-0.005825283350059718,-0.025741842367894674,-0.014938273613437913,-0.02398988591470408,-0.011097429453774676,-0.01920238032602284,-0.0049999872843424775,0.004444928754762101,0.017872370726673248,-0.031055920856482455,-0.013940573328424355,0.026004798131790352
2021-09-13,-0.03525641025641024,-0.01427720278066702,-0.0019530766148807555,0.03522932420083147,0.00483533331070829,0.003880989672928825,0.3499584481792153,-0.06024097942928763,-0.04623119097083528,-0.01199725824970932,-0.022017862096146312,-0.012820501064172207,-0.008482488390745058,-0.02764981549112766
2021-09-14,-0.023255813953488413,0.002414056503563966,-0.033268115822343014,-0.00460826533093206,-0.016622997453208277,0.0120274386184831,-0.05603447415254814,-0.00801277495700059,-0.01088863622827596,-0.05295112600962093,-0.006554560878774041,-0.014610414743062128,-0.044676829522564576,-0.055687198436275454
2021-09-15,-0.013605442176870763,-0.004816370907066547,0.002024241281143757,0.04950140289975402,0.017348745879992578,-0.002546666693652333,0.012557085153225511,0.024232648462169326,-0.01846592544678083,0.019442968412543227,-0.01262198604998277,0.011532180251472512,-0.04975124283688592,0.017147630699649863
2021-09-16,-0.03448275862068961,-0.007864553098310578,0.002020248336801478,-0.02511027446080827,-0.00371663831011515,0.0017021666181848971,-0.002576902029616801,-0.036277604658984774,-0.0018089449408335012,-0.007938109722334108,-0.022951689217195703,0.02768730872798386,0.000523572182309362,-0.0008223872538916099
2021-09-17,0.017857142857142794,-0.0707316996581775,0.01814519191445685,0.04977376707136805,0.030063425895248796,-0.03143592394589423,0.06232844487857947,-0.06546646262303046,0.06705329362951096,0.02119913971701859,-0.0011894413992531438,-0.020602186125787125,0.015175248504263328,0.05596710506383018
2021-09-20,-0.05964912280701751,-0.04396326025960218,-0.01980205498867016,-0.08720156412707247,-0.033020811481744405,-0.08640348154715427,-0.046359616881244126,0.022767095196571274,-0.04925274241289579,-0.01862210505925843,-0.004167888925646568,0.006472433978375047,-0.09072166306646412,-0.06936869435815785
2021-09-21,0.026119402985074647,0.03225808351909354,0.01616169770218434,0.05194327505123608,-0.003084386446951193,0.004320698651825827,0.0014344939461290451,0.049657526417104414,-0.020721683760231202,-0.00394032427615687,0.011659174312502074,-0.0016077538526705348,0.0,-0.015494093169511114
2021-09-22,0.06545454545454543,0.009973378916936726,0.0019880221923607166,0.013812207821973788,0.014806589419357197,-0.0057361777627037425,-0.013846931740053137,-0.02283855476494112,-0.004742764009131317,0.004476372226779324,0.028959797216826733,-0.01610301935452163,0.04535154036788902,0.03870692635273487
2021-09-23,-0.04436860068259385,0.01645819663634862,0.03373017412314461,0.03678473778114544,0.02482585272543858,0.029326953496454422,-0.010006438686990582,0.03338903067519827,0.008797645347408345,0.010467428319943073,-0.006030990416805548,0.022913261213425518,-0.017895873869231416,0.015151549470820092
2021-09-24,0.02499999999999991,-0.030440370863198174,0.019193839520226685,-0.06668858906143094,0.00552515182580926,-0.019149922948816234,-0.04776655197077251,-0.02261710261574068,-0.07049420428008468,-0.024512814252804493,0.037272490400982905,-0.043199971516927116,-0.024295997748675746,-0.01210169960991303
2021-09-27,0.010452961672473782,0.01469601265399012,0.0037664747913432883,0.05561421795818755,0.03740450128316075,0.023809523809523725,0.013867511991217718,0.01487597899394455,0.020719338867328796,-0.0678161802844125,0.08245122447526665,-0.003344558054895752,0.0016978317213340866,0.03511639928089294
2021-09-28,0.0,-0.025016403638176588,0.03564729079552187,-0.04034675204092342,-0.02240757891105427,-0.03255817502043967,-0.041371170422788484,0.024429983490095397,-0.04749137273579973,-0.018723252803324764,-0.044776161892372546,-0.03187917905918847,-0.041808002631063435,-0.04536487578796633
2021-09-29,-0.03103448275862064,-0.13841999545249972,-0.003623184962974757,-0.043780409965956,0.012502465757714631,0.0,0.023956325513215138,-0.06677266754230848,-0.00040210006209806526,-0.010114910958827217,0.04148709482328505,-0.038128241928063966,-0.01179238598980381,-0.014049592639210795
2021-09-30,-0.003558718861209953,-0.11363634665014433,-0.02909088134765625,-0.005450567443139542,-0.014200428916379737,0.012019231210093517,0.00739721825691908,-0.008517838990203419,0.02775537448787002,0.04725963266397781,0.008277281326622754,0.0054054146936872716,0.03281618314734591,0.03730089551055227
2021-10-01,-0.0035714285714285587,0.05658703500473683,0.03745314673225475,0.03178658769486287,0.021085516085951772,0.007125963482925712,0.0013660863128652778,0.05670101614650869,0.011350329713775364,-0.02649960444563848,-0.03027194250983012,0.01075270654939553,-0.02253029472448953,-0.014141429554332396
2021-10-04,-0.05017921146953408,-0.052719675690075185,-0.027075829675143104,-0.05099152074109947,-0.011245208673033691,-0.04150948285122702,-0.00511594884350397,-0.021138229662604813,-0.057662529501530946,-0.03211844643287587,-0.01957666345781328,-0.06737590651196101,-0.05378249664945811,-0.040983607198115
2021-10-05,0.01132075471698113,0.014134262519924334,0.007421143384760187,-0.0179104311903322,0.0055833691247684225,-0.015748016714081325,0.017312278349186805,0.023255791848698415,0.03121150788400784,0.025182387680781737,-0.0021587109576403085,0.015209171663736809,0.01686448806394103,-0.056410244288163214
2021-10-06,-0.014925373134328401,0.000871100111550005,-0.005524812876535612,-0.02431608651478412,-0.0004114714896992222,-0.014000034332275368,0.036394269636821575,-0.02272725161582778,-0.04938270573386505,-0.007231460777671006,-0.010816595893268888,0.05056176297110149,0.022727206159657953,-0.03668475854806197
2021-10-07,-0.0037878787878787845,0.07136646343194286,0.04074070116783601,0.028037356105847788,0.005143012917058654,0.0,0.030564154111789144,0.023255791848698415,0.07080010755304444,-0.01202452238657059,0.0333514856461854,-0.00178257200127796,0.056456489825468914,0.1123648019845751
2021-10-08,-0.011406844106463865,-0.011372895089398649,0.0,-0.0170454114429216,0.005116697674824255,-0.011156152181278634,-0.0029972965536896323,-0.0048700866419331135,-0.026604081353047482,-0.04458745107857054,-0.017195706992087945,-0.010714190833418291,-0.014212620683986654,0.08960274103574362
2021-10-11,0.03846153846153855,0.017255549451970387,0.039145955784467557,0.021579940249641494,-0.018326191998345953,0.0025640634390025063,0.03639239255214166,-0.017944556518892818,-0.0361736193283112,-0.007961802189348388,-0.024495284253977734,-0.005415171362412652,-0.02768163425677317,0.069433629189388
2021-10-12,-0.014814814814814836,0.0024232417361771397,0.0017122862642813264,0.08826858288890294,0.0033188340864287458,-0.00255750583180403,0.04519082571713984,0.09800667017561793,0.01334444123990064,0.022225004312082186,-0.000275997123819427,0.02722316012693038,-0.05871890207314989,-0.06420023494218452
2021-10-13,0.007518796992481258,0.0016116404520216676,-0.027350401712896932,0.06412479573684782,-0.011370748603807046,0.004615392440404653,0.0489336622687877,0.010589968745885914,-0.009465002035290215,-0.02065465715138004,0.027877508942638185,-0.005300362486113319,0.06679271753374416,-0.041472857614941794
2021-10-14,0.033582089552238736,0.004022464668784309,0.007029870202245103,0.006188880195024282,0.02001695803447001,-0.0035732360530366103,0.008633933542138594,0.023952144964210387,0.019941817545579,-0.0009867023834235766,0.04994620601023758,0.04085260858449202,0.015948048015163252,0.031136290821542012
2021-10-15,0.028880866425992746,-0.03766020277195237,-0.01570683286008845,-0.06927806513215973,-0.005783797569903215,-0.001536920386370988,-0.001932892296818478,0.02339179003549785,-0.006517305596106637,-0.012345679012345734,-0.021227571579235938,-0.010238925253523878,0.019186041224899197,0.011372584922640927
2021-10-18,-0.007017543859649145,0.015820114634668148,-0.010638287978706695,-0.001043502144191577,0.00041545076218718613,-0.00718313962506556,-0.029049639611638645,-0.008571420397077256,-0.0040999785413498024,-0.024750041961669966,0.010713348380139154,-0.039655203976142306,-0.006845455478208584,-0.09422257537465828
2021-10-19,-0.010600706713780883,0.015573814510498885,0.016129059824093295,0.006267420246492961,0.008722542949705092,0.0547803330772787,0.008833097244939747,0.012968321591619203,0.04446273705225212,0.0002563992991753139,0.003360937618654525,0.017953390834590133,0.07237221366599411,0.03681501200911086
2021-10-20,0.050000000000000044,-0.03712671714289961,0.008818291574060444,0.014532874804076057,0.012765114386237286,-0.029887340270064122,-0.012709983441810624,0.021337071700366694,-0.0063067303692520005,-0.013839080194575026,-0.0030920572619360653,-0.015873042570877183,0.029994615085911835,-0.014037991834311092
2021-10-21,-0.04421768707482998,-0.010896907888972795,0.0,-0.01398362386355978,-0.015450170263333618,0.13989901840899766,0.007438086337109517,-0.019498589113196463,0.014676749411755896,0.018711050656662342,-0.011630833916120631,-0.007168395073206768,-0.041601625382436835,-0.008793931819632173
2021-10-22,-0.028469750889679735,-0.023728790546210465,-0.008741209044000664,-0.04704256719231026,0.0004129712019724785,-0.0035445248022931697,-0.03450234693520515,0.045454570084564105,-0.004300258431573334,-0.0022959222152102443,-0.007060681116960121,-0.003610190749772757,-0.005968562589804716,0.04393743155160745
2021-10-25,0.03663003663003672,-0.011284731707914775,0.003527333449276915,0.05190563864887987,0.007843119955029287,-0.03601598373436132,0.03676470588235303,0.021739109308372973,0.01531218325524586,0.01879316284533683,0.013431611934084708,-0.012681104543786015,0.0,-0.036017783189951524
2021-10-26,0.09540636042402828,-0.009657647676547199,-0.026362055159750875,0.0034506688422815124,-0.030718934526596797,0.09271218637400014,0.00879436519974508,0.08244685691074327,-0.0034802842406687073,0.010164356051931556,-0.010654881816255957,0.011009192720251137,-0.08460694666378477,-0.0092359074799776
2021-10-27,0.0,-0.024822671950315622,-0.03610104885239751,-0.04779915382720856,-0.009507709821244936,0.008020203563770867,-0.0334646342927325,-0.0061425293152326255,-0.010089259769629044,0.01428573324073179,0.01103236109822392,-0.025408352017387448,-0.022659574105098668,0.03135592199817072
2021-10-28,-0.048387096774193505,0.027272744612260258,0.020599186055067387,0.1614300912654938,0.017064918259236617,0.039782277903101626,0.018475477333849577,0.1569838665186054,0.046256381598923424,0.03821181945965568,0.026240537217181892,0.03538173018180779,0.017083630083741808,0.034100243159522314
2021-10-29,0.047457627118643986,-0.044247786863752636,0.007339442798699913,-0.020522383412424627,-0.0016776780782793432,0.004027401601973235,0.0018568383009760492,0.03632480395929716,-0.007868152402369488,-0.010027114637034984,-0.012405105783969583,0.010791385004946807,-0.0593881083735579,-0.006754075318976982
2021-11-01,0.016181229773462702,0.027777794947839718,0.009107503245793236,0.102857196141803,0.021848472634212746,0.08062576029991209,0.04704880354254515,-0.005154658940003776,0.045317250139125465,0.024547250154142608,0.03281216736909198,0.008896774205226166,0.09757645086217503,0.0036000061035155184
2021-11-02,-0.0286624203821656,0.00900895714943828,0.05054155446504627,-0.018998267574097505,-0.016035969158073704,-0.02227172864051008,0.04575164077686855,-0.023834150396718656,0.009754351690277385,-0.013375220760399875,0.04244226968517251,-0.007054722964062399,-0.018012753191955277,0.013551221622962961
2021-11-03,-0.016393442622950838,0.008928605640421639,-0.0859106503870205,0.022007041071123945,0.03155018589338665,0.03568718787441849,0.590104139244392,0.0,0.05545614292489698,0.0137922685805838,-0.0002380552746000797,0.07460037148693255,0.011242635405108947,-0.005505284623214979
2021-11-04,-0.046666666666666634,-0.027433664989747197,-0.043233084896999174,0.010910055510797045,-0.01843224374734953,0.01246334838819596,-0.059695387746225514,0.008492560834195695,0.019661014362917006,-0.0030232806538426082,0.014289079546019323,-0.004958686197216511,-0.04622591623603445,0.009094485326614388
2021-11-05,0.0034965034965035446,-0.013648737184187576,0.009823126208018618,-0.0448735602794772,0.035286806830433504,0.010137536958331417,-0.08595317068011044,0.03157896744577515,-0.030585108996921684,-0.02799162101324304,0.03310635929468142,-0.004983397300626358,-0.003067438000050049,0.03252350739882348
2021-11-08,-0.006968641114982632,0.011992630314666686,0.021400804741579682,0.1599761249641698,0.008969682950223934,-0.0032258119648186367,-0.02686737537559103,0.017346946222987603,0.011316869870811708,-0.008879264414283328,-0.006818164478648803,-0.010016605715359228,0.037538499098557665,0.009108150574712814
2021-11-09,0.007017543859649145,-0.004557902417299142,0.017142886207217156,-0.07228915191384666,-0.0033585686397640258,0.011147118994758065,0.009496781148418787,-0.0060180960892370905,-0.016954900097682857,-0.020338987121193863,-0.002517176394304599,-0.01854984902033685,-0.013048707754378719,-0.027830002514916963
2021-11-10,-0.03135888501742157,0.0,-0.016853960677187363,-0.05830331239905251,0.0027749621524368884,-0.025604594566674743,-0.01289886357464698,-0.014127082926746692,-0.08692654286511137,-0.009639134910364056,0.013305758530101519,-0.07731950429033296,-0.0162258750191423,0.02746611504816876
2021-11-11,-0.025179856115107868,0.014652000576396595,0.0019048055013020093,-0.003521207163571294,0.004744247673855284,-0.0018247896991477885,0.04549032165791589,-0.15148417876834086,0.018889309141301824,0.021462456124317075,0.053656392230695404,-0.0037244798893714126,0.05742202678793529,-0.028614467024232315
2021-11-12,0.040590405904058935,0.0027075571460073444,-0.00950573926980458,-0.030035349978264292,-0.018099724014726815,-0.0171846879030233,0.0023494031707191887,0.09167674696972572,0.012977396751227221,-0.01624727365182188,0.03975071847288825,-0.005607426990137165,0.036395210141673795,0.0034883781104384504
2021-11-15,-0.024822695035460973,0.004500467351933102,-0.009596965521836531,0.03460847759177943,-0.0016026277664895616,0.004092284739060537,-0.00703168923916353,-0.02762430881006428,-0.02269395822878517,0.0001242038542417223,-0.05889643542195955,-0.02819547670360678,-0.02508365382069877,0.012359973054003381
2021-11-16,-0.0072727272727273196,0.0017921557380944364,-0.040697683014912056,-0.06748829286485991,-0.007425591450467173,0.021859953967811707,0.01605133499632183,-0.005681839733083893,0.050936279555866326,-0.017879344735997282,-0.055775161714177846,-0.015473872828915214,-0.015437419170784228,-0.013353624049855073
2021-11-17,-0.01098901098901095,-0.0375670898774042,-0.03636360308574338,-0.04940218905761673,-0.020218193118977323,-0.006163889657875732,0.023417866636681328,0.02742854527064731,-0.035994306774941864,-0.02035399040972552,-0.032093048095703125,-0.04715129308740407,-0.050522588070608276,-0.052590896297472045
2021-11-18,0.011111111111111072,0.01486987397850048,-0.037735813219785475,-0.06951335775446787,0.0063970915094044845,-0.013498684200820898,-0.07999634775547337,-0.12347048775721892,-0.06913120091045055,-0.0012904694396417282,0.02330613276301685,-0.028865984246611354,-0.07155963602422699,-0.024081638881138345
2021-11-19,-0.02197802197802201,-0.033882773166120095,0.006535889318931121,0.03842048738015125,-0.01599340868660659,0.008136069005388213,-0.010560597098766888,-0.024111682038210125,0.05123109581192309,0.02493862670108693,-0.02700167930872921,-0.09554142749723127,-0.14558629734634787,-0.056461747807825424
2021-11-22,0.0074906367041198685,-0.03317539100872258,-0.019480449779240905,-0.029119574029400352,0.01771200669237971,-0.06346293205102038,-0.042493786895067,-0.0013004198709265502,-0.14318092582142994,-0.02143213508298991,-0.01520263692798296,0.04694838763742548,0.053199658147838,-0.024379399383003153
2021-11-23,-0.0037174721189591198,0.02549021899448123,0.0022074506802507443,-0.009174319953491383,0.007166141005647164,0.06149626527998775,0.006563234678957031,-0.03906246362021115,0.008377448478881,-0.007987667155929468,-0.013722160118757598,-0.01793720247125663,-0.1222547653695858,-0.0063607173190634025
2021-11-24,0.011194029850746245,-0.002868043294625644,0.017621128717675738,-0.009971534451790443,-0.010367878629987115,0.014022109055999765,0.01945764023986718,-0.016260146842582146,0.02273714610114852,0.007532491312398637,-0.0007453112868789358,0.047945212936090886,-0.024186819632106005,0.07498853802997485
2021-11-26,-0.014760147601476037,-0.0009587946873667041,-0.08008655729962366,-0.03776975776534475,-0.045398405754819904,-0.11208151291895563,-0.005076142131979711,0.0,-0.00299271896754294,-0.014050063696297022,-0.004972669240907557,-0.1111111572827056,-0.05384616450523583,-0.07018288398412109
2021-11-29,-0.0074906367041198685,-0.015355071616181437,0.004705877865061936,-0.004486012681622409,-0.005379964915144364,-0.020491803599057445,0.038367368737045604,-0.03168044239978074,-0.011149238091094027,-0.03634460526784322,-0.007496232724363949,-0.02696077858471302,-0.05329721489186179,-0.0324794589202837
2021-11-30,-0.09811320754716979,0.022417108879674297,-0.021077319201383782,-0.0033795812270189796,-0.008654544152225219,0.14309623978580865,0.03773581227671219,0.019914631907160585,0.006504753772948346,0.02062141217393032,-0.006797594397427664,-0.0327455411120916,-0.07251901797748961,-0.030260018968875535
2021-12-01,-0.14225941422594146,-0.06101042932436762,-0.01913873851469783,-0.09683502311671965,-0.006547028518866571,-0.09004389135987811,0.008806821198995562,-0.030683439984358185,-0.08918568619026945,0.012362093096863758,-0.013181253427304807,-0.03385419512374421,-0.004115222299809096,0.01803992821822309
2021-12-02,-0.04878048780487809,0.027411116104857358,0.01707321299746467,0.009178190530049646,0.029217812632683193,0.04464998695698874,-0.01633340733791211,0.010071967421935613,0.019867553851472985,0.03886553232855605,0.005908028266975007,-0.018867927761698988,0.0,0.06321847007796477
2021-12-03,-0.1384615384615384,-0.0632411413596965,-0.00959231681563344,-0.09673419185309051,-0.008110781634974917,-0.05044279940618812,-0.06422371693992768,-0.044159536128464016,-0.050556594600557725,-0.0393073875428539,-0.04851893598780155,-0.01373622870716873,-0.17355374506315924,-0.08198205133448244
2021-12-06,0.017857142857142794,-0.02215180322921384,0.02179168843992052,0.07871850266937153,0.01398755648248784,-0.000811048576132567,-0.004283073418336114,0.014903115359770513,-0.013678494806504737,0.03788971414914899,0.03784218762557612,0.016713030998221523,-0.021250009536743164,0.0387635401402846
2021-12-07,0.08187134502923987,0.056094873615011975,0.0047393322087359024,0.08612646215227904,-0.008701368940745358,0.06939939262091377,0.019868931314351634,0.035242327455492495,0.12630010745958464,0.07035116104318351,0.07059745244896276,0.07671234403832039,0.11111109757805693,0.049126074843206746
2021-12-08,0.00540540540540535,0.039836603150398275,0.004717089349841386,-0.007031261816154988,-0.004281683131108882,0.01366218966949595,0.012753531027455356,0.02553188985373067,0.007036053167217782,-0.040620561416443546,0.0,0.04071251038708268,0.050574775138389594,0.04412433543367844
2021-12-09,0.005376344086021501,-0.055009862753341965,-0.03990611905168062,-0.06963023023018522,-0.0019351844237991411,-0.02807937198455379,-0.05820520779376892,-0.03042873991857098,-0.0842794907129194,-0.03110732262694149,-0.008212563769480985,-0.02444989238325923,0.001094012563667368,-0.09012505840689589
2021-12-10,-0.08556149732620322,-0.02079000121043284,-0.012224985053662207,-0.01691330338191066,-0.005170236421541241,0.012711935388783235,-0.051695130433483394,0.0057061284660482325,-0.004291852910580429,-0.007516834678918505,-0.034583583442505006,-0.06516296317837256,-0.06994529140223482,-0.028436036522381025
2021-12-13,-0.005847953216374324,-0.02229299749959146,0.0,-0.025806468020203255,-0.004763817517901003,-0.05515407806939465,0.020317551207450935,-0.049645442836965925,0.006226105045037844,0.02220790364123859,-0.02800203399199419,0.029490696135403116,-0.03525266541318084,-0.007317054562452352
2021-12-14,-0.02941176470588236,-0.056460418632994336,-0.022277206687900897,-0.027814532952627147,0.0,-0.016908215527937087,-0.029597401257247857,-0.00746264407777486,-0.007139439166881756,0.026623167395513514,-0.04022837493297304,-0.10156250258700705,0.0,-0.015233388704241069
2021-12-15,0.0060606060606061,0.04487921313634313,0.04810121936917344,0.0086284569827062,0.014142673456353005,0.030712530616577416,0.07019513472537131,0.040601500308940386,0.054170619736504166,0.015902178003153633,0.011898286429302019,0.008695574453765786,-0.008526150365282814,0.050399115538494854
2021-12-16,-0.030120481927710885,0.0022026936048153978,0.004830913423070182,-0.06348491245089072,0.0008581933955793541,-0.0492649887707407,0.0474643615194581,-0.0361271672317508,-0.12414732017514296,-0.03841062401187634,-0.0318011406985198,0.06896554559079537,0.042997470888624045,-0.01092634444524787
2021-12-17,-0.018633540372670843,0.028571347726199514,0.026442340757015792,0.04711545603515388,-0.051018138209754205,0.02381946040765137,0.06902072063244069,0.008995493567202306,0.09241955687914594,0.06248432038106855,0.021805159412336517,0.03494626780063892,0.05300351253199986,0.06195969906032395
2021-12-20,-0.025316455696202556,0.020299203101153296,0.06791568223616307,-0.08034894145219285,0.027106348944486047,0.03142859011280286,0.017591440115108492,0.0014858472535419498,-0.026616033694073615,0.031231603695162757,-0.005402505685207504,0.028571421494068217,-0.08389262138733167,-0.054726411506962336
2021-12-21,0.05844155844155852,-0.03455496514295475,0.024122836599720143,0.00599095994863208,0.02573150357219478,0.0360110736417707,0.06206896551724128,0.038575702924497524,0.05322266489019989,0.00411429268973218,0.05649108767774025,-0.010101000370632551,0.14041521747559949,0.07942583146940962
2021-12-22,0.0,-0.003253870474688836,0.06423976638042816,0.04119106399102712,0.029159310837186814,-0.008403407873896374,0.03445890352323455,0.015714304787772138,0.007881320292032257,-0.02492604628036188,0.00282768101130082,-0.025510219804084855,-0.026766594851792447,-0.0035460959929022318
2021-12-23,0.0,0.001088164237045497,0.020120801949947476,0.04385129153324474,0.004166612585369878,0.021186485508705166,-0.005607681448905555,0.06469761315174538,-0.014719397340994589,-0.010855612525423108,0.01717513490055045,0.023560166072478683,0.00660060120299355,0.03736655559132296
2021-12-27,0.012269938650306678,-0.039130398276171485,0.003944769279950577,-0.038356172019160195,0.007054011123233783,0.04036211563885561,0.001851706297650857,0.02642005346497145,-0.03081231769660675,-0.01250882210662585,0.02268148989307117,-0.06905366560551085,-0.034972645701117466,-0.054459711594487814
2021-12-28,-0.018181818181818188,-0.010181012560451563,-0.013752489108627475,-0.0735992059053544,0.0026782296384000315,-0.021392318862218818,-0.043182386309008725,-0.014157031375087281,-0.042870875714647094,-0.007528647838436986,-0.00714639976446263,0.005494456549742566,-0.013590021132040553,-0.004988603483398246
2021-12-29,-0.07407407407407407,-0.0022857666015625444,-0.021912377277360506,-0.031778617732437175,0.00452009539142928,0.007780696317234215,0.01870223254748349,-0.010443854477762415,-0.014091629331622668,-0.003973531835381516,-0.006453267071787727,0.019125687331695618,-0.07462682154804667,-0.020054718475261746
2021-12-30,0.08000000000000007,0.022909596039706104,-0.010183241436159784,0.06140814636806069,-0.014931440017747488,0.0305147022215142,0.011808332927269571,0.007915559813120199,0.06584987228845418,0.01849611649804883,0.05695734857662149,0.032171637520225005,0.11414380579689598,-0.012558160826217302
2021-12-31,-0.01851851851851849,0.025755826917835734,-0.014403327106651265,-0.07231914766912473,0.0,0.013556873045231344,0.002555609960964489,0.02486911787183832,-0.02011494699114369,-0.0018991532594584415,-0.018671729848395713,0.0,0.005567950254306009,-0.017899160101751632
