Date,AMKR,ANAB,ARTW,BLRX,CGC,CRIS,DRIO,HALO,KG,MGNX,OVID,PAVM,TOUR,VIVS,VTGN,XBIT,XENE,XOMA
2019-01-03,-0.05097448732582299,-0.03672316553295363,0.0,0.06000000000000005,-0.02800831867779119,-0.04878044241882984,-0.005235597192677299,-0.05810814859921032,0.0467835800709957,-0.004739294365366686,-0.018518500530834592,0.027131788676608037,0.014170103986758553,-0.009999974568684844,-0.01886795621559323,-0.01941748303101898,-0.043413169057693324,-0.040693360730927
2019-01-04,0.04265388477381293,0.06549365245697136,-0.009756088483765968,-0.07547169811320753,0.004268878204902071,0.12820512507010418,0.11315791372447159,0.05595413989417497,-0.0949720051295958,0.05555553873590324,0.11698110627296354,-0.00943393849868146,0.029940083189061717,0.020201968306673868,0.0,0.041584163406808594,0.07511737544643782,0.04320504403083758
2019-01-07,0.062121381858580405,0.0613150159429845,-0.024630518729541362,0.04081632653061229,0.023733660987420357,0.07954543114693746,-0.004728127857288822,0.02105974594557236,-0.09259264710072423,0.056390976634907775,0.02364862579076843,0.028571477012028668,0.0077518905335500765,0.029703021403977292,0.07051280536020399,0.009505654417751641,0.09606991779382779,0.10316264405922282
2019-01-08,0.002852992492482276,0.008500162898171792,0.010101000370632551,0.03921568627450989,0.025605515212748786,-0.01052635594418172,0.04513065451279363,0.019960092885215053,-0.04081628813472782,0.015658381782363673,0.05610563627034337,0.0,-0.017307634633073943,0.01923071985414171,-0.005988008906138154,0.020715629314974393,0.09960152752531348,-0.009556272579786085
2019-01-09,0.014224817122127531,0.02442855834960933,-0.04000002145767212,0.07547169811320753,0.13360326220973429,0.14893623712970805,-0.06818186005284876,-0.01239397138479359,-0.028368834140619748,-0.03083395374512632,-0.03125004423782163,0.07407399994301511,0.03326813918331317,0.03773587395376232,0.024096401231396447,0.016605183382870425,-0.047101434669448716,0.006202629301738316
2019-01-10,0.03366042741470232,0.02621666821112889,0.04166668994973155,0.03508771929824572,0.11755952380952372,-0.09259259095734862,-0.006097584377790843,0.05217965283610071,-0.08029193015400582,0.0021691781009895994,0.029032308179557154,-0.1465516835037688,-0.032197004748068636,-0.018181771943063474,0.023529426724302915,0.0272231914823311,-0.013941655074608095,-0.0136986820351932
2019-01-11,0.010854882107311559,-0.020654935707392852,-0.019999980926513672,0.016949152542372836,0.018641810918774926,-0.03061226376490178,0.01840497904607763,0.02008786495253534,0.0396825384811359,0.03174607106470173,0.08150469774279645,0.0030303080900992985,0.04109587982694185,-0.009259353013245764,0.011494223474170395,0.03180215399946351,0.02313622409825844,-0.02777775202268362
2019-01-14,-0.010738318921389212,-0.03565977113510088,0.020408143405366452,-0.08333333333333337,0.11084965724571072,0.01052635594418172,-0.03012048123553901,-0.03876923781174879,0.09160303620773669,-0.055244751840274664,-0.057971027512881634,-0.05337361878895208,-0.08458645849296953,-0.028037313207575854,-0.0340908951338984,-0.020547934820780656,-0.04648239746054261,-0.020714282989501953
2019-01-15,0.0,0.015683400545188908,0.0700000524520874,0.09090909090909083,-0.028006575823541935,0.031249919285380123,0.04347818875808751,0.024327792395967496,-0.11888110395736817,0.0014803481680629726,0.02769228128286505,0.021276541059871645,0.0020534261703961665,0.03846156197421835,0.011764675963158666,-0.05419581654305938,0.015810261284140648,0.033552154403140744
2019-01-16,-0.013568446422812741,0.013033090325378138,-0.06074771405057433,0.016666666666666607,0.01937046004842613,0.09090915221047258,-0.05952375546063715,-0.009999990463256836,0.015873000254767344,-0.05173686792907395,0.023952144964210387,0.0302083632736303,0.002049117120969113,0.037036941102725374,-0.011627877749298965,0.05175604955850699,-0.001297046541161806,-0.007762855051869244
2019-01-17,-0.00687761113689056,0.01734020174418771,-0.014925358971198954,-0.049180327868852514,0.01591451830648749,0.027777794947839718,0.0,0.029040345962212832,0.13281248311977856,-0.022603270738699943,0.007309899529576391,-0.029322576238498987,0.018404946982986115,0.0,-0.023529426724303026,0.04217923895846698,0.014285731979115868,-0.012802297283337372
2019-01-18,0.037396141416980555,0.00412375328876724,0.04545450166784626,0.0,0.017535655333041245,0.04504504349699823,0.06962021610863345,0.007975526024544655,0.0965516978296741,-0.01834127136650654,0.03193037319186831,0.011458330987780041,-0.012048217844653708,-0.08035711244660848,0.012048238915872256,0.0286677370721935,-0.02048653631041719,-0.016570640779127177
2019-01-22,-0.028037199940320057,-0.027789272058662218,-0.02898548053842054,0.034482758620689724,0.003216897649852113,-0.07758625367308469,-0.06272186330585061,-0.03164944906299616,-0.226415063784019,-0.06336317303470851,-0.01828412264412438,-0.010298635279900603,0.01626016341714509,-0.048543689919674726,-0.06547624904462268,-0.04918025945598359,0.013071882795547163,-0.03663003765371797
2019-01-23,-0.026098990017836332,-0.03027307797957035,0.019900478628265272,-0.01666666666666672,-0.004809908552813269,0.0,-0.002525250092658138,-0.011313658510503366,0.0,-0.011274945138911807,-0.05157595021929384,0.030176928253059954,-0.057999990524425615,0.0,0.01273890251075116,0.017241385890613303,-0.003870994813980566,-0.02813687424277167
2019-01-24,0.04090269377597222,-0.027007413041578165,-0.02439022120941492,0.03389830508474567,0.017491383437320263,0.2336448639779647,-0.005063286249386678,0.025429092827132127,-0.02439025903112113,0.0035087687010102453,-0.015105726036447331,0.010100984153337045,-0.014862061825942519,0.0306122323199971,0.018867876242905535,0.032203411292466955,0.011658051170187367,-0.007824681524634225
2019-01-25,0.050135577546342125,0.006864633186214331,0.004999995231628418,-0.016393442622950838,0.09658444039798342,-0.03787878842612158,-0.04580154292611183,0.027278397827064982,-0.025000015894571903,0.02272729356805847,0.0030674817461688875,0.009999974568684955,0.012931062448620523,0.0,-0.018518472004909192,-0.003284146109743924,0.014084524240759011,-0.0023659846942797325
2019-01-28,0.010322442124511388,-0.06625168430160788,-0.0796019738211654,0.03333333333333344,0.04723602514577996,-0.11023619209103608,0.0,-0.05371149101025252,0.05128208472230833,-0.02991448149582432,-0.02140670753856222,-0.017821749893585093,-0.03191485675386174,-0.01980193033758304,0.018867876242905535,-0.01317959554529835,0.01893934559158028,-0.05375489106777298
2019-01-29,-0.0063857255854050665,-0.016666654556516614,0.010810800361494177,0.048387096774193505,-0.07169592975944072,0.017699097866309854,-0.04000002543131509,0.017857125479695757,-0.0731707770933635,0.01674005057246508,0.003124996973201677,0.008064508376086854,-0.015384683801518806,0.020201968306673868,-0.018518472004909192,0.04507517333034006,-0.00247825338855745,-0.0008354409907058713
2019-01-30,0.019280163895073033,0.0545601457060394,0.01604276540816718,0.0,0.01888399033435162,0.0,-0.019444426415878624,0.002506263268008846,0.017543927160695638,-0.009532032672518564,-0.006230523579077274,-0.009999974568684844,0.004464368826530674,0.009901028117592858,-0.04402520451215497,0.030351370479773543,0.018633492543629337,0.013377913620550297
2019-01-31,0.008827331419882345,0.01515380125550414,0.0,0.01538461538461533,0.019991618787795096,0.017391287762185792,0.04815866222996479,0.011250019073486328,0.11206889606117731,0.026246651710472912,-0.11285270440655826,0.025252524603833315,0.02222219541375625,-0.009803958845400862,0.08552635211363513,0.023255867826994736,0.04146343420687959,-0.004125428317407698
2019-02-01,0.017500118965324107,0.03679135181896975,-0.005263152941442195,-0.030303030303030276,-0.002041649703802495,0.05128208472230833,-0.056756766335297026,-0.0037082487522073215,0.02325582942684168,-0.02557538352668609,0.07420496247645292,-0.014778349808356905,-0.010869552389616066,0.0,0.006060590647687825,0.013636377738169614,0.004683836303478017,-0.009941995740939347
2019-02-04,0.009828003650142803,0.010180292706438943,0.07936506735104154,0.140625,0.01718499309296284,-0.008130112188539096,0.10315183212380874,0.031017368112232546,0.03787878842612158,-0.006999118247602243,-0.04934205882602061,0.0,-0.002197842961880525,0.0,0.01807232007363435,0.08221224906302416,0.0023310557041396063,0.0267782973728945
2019-02-05,0.0072991410332934326,-0.02202704865337235,-0.034313693407726165,-0.3972602739726028,-0.02172167748469367,-0.05737703444335551,-0.06493506654355596,0.019855590074764118,0.029197122465218994,-0.02114543759701637,-0.11418690316468894,0.0,-0.008810519053168653,0.0,-0.029585798371357552,0.1629834315377343,0.017441815334505728,-0.010594955956881202
2019-02-06,0.04227047960496422,0.046224044980744505,-0.010152274434545583,-0.022727272727272707,-0.043379947303219146,0.008695685345193604,-0.023611056105588668,-0.012979422466112722,-0.08510643478538471,1.304230528583663,0.027343817666407366,0.006000010172525938,0.015555514855430053,-0.02970295845517601,0.018292636122468897,0.16983377870469818,-0.03314285278320317,-0.015650784899863823
2019-02-07,-0.025492397507703046,-0.01336705997356813,0.0,-0.046511627906976716,0.008596604566815103,-0.025862084557694898,0.018492124285057976,-0.028690947720860782,-0.04651158492543972,-0.10664060552953769,0.0,-0.005964224763275183,-0.030634602369606356,0.010204120690535445,0.0,-0.0802030244099654,-0.04255315071559951,0.010041831587816796
2019-02-08,-0.0035672105023505374,-0.017541404859593324,0.02051280044866699,-0.024390243902439046,-0.031110112861068906,-0.06194688473006249,-0.0893854581179796,0.005538470928485584,0.016260146842582035,-0.0188019365717782,-0.01520920096237699,-0.009999974568684844,0.020316070844894174,0.010100984153337045,0.0059880850478024605,-0.06622524929748363,0.02222214111412235,0.010770515139007397
2019-02-11,0.01193347369290021,0.018144868791911017,-0.030150784774517714,0.02499999999999991,-0.0556411208078601,-0.009433997912352998,0.02760733571552021,0.0024479196943199,-0.008000030517578138,-0.04768269471296405,-0.011583000920443065,0.007070676063237746,-0.01106204304407199,0.0,0.03571426949533518,0.02245857966528808,-0.03864730738456079,0.00327868544904808
2019-02-12,0.051886691412686314,-0.011405803517527291,0.010362746465985007,0.0,0.02095947863979153,0.028571446736653572,0.07462686779611127,0.01648354527455509,0.03225811165403902,-0.017781986578942366,0.023437478172126713,0.013039097012305101,0.0022371782075900626,0.020000012715657656,0.011494223474170395,-0.02890171598340663,-0.011306551778464846,0.028594802942365716
2019-02-13,0.035874414767461005,-0.021488288757744334,-0.0051282001121667475,0.0,0.05041059856568775,0.009259206113829244,0.01388894223872672,-0.003002957249614635,0.023437514551915006,0.014292574925225843,-0.0572518562980181,-0.01683162819718531,0.008928627492452712,0.058823566077443434,-0.039772698948205565,-0.020238124335548724,-0.011435791240083204,0.13820490468862334
2019-02-14,0.018398062354588296,0.01989680920384984,-0.005154695555459998,0.0,0.001520113370317544,-0.045871561238404746,0.0,-0.003614425576119795,0.02290070445226111,-0.007984972709416782,-0.06882594102219408,-0.013091684626091782,0.05752220892340021,-0.01851858828892705,-0.017751509119044995,0.0692589306457203,0.030848360087799342,-0.023028606103489002
2019-02-15,0.007438864166505521,-0.012283215485642929,0.0,0.0,0.03122288273058471,0.0,0.0,0.03022974439684667,-0.022388003403051693,0.03409087522463494,0.08695654427396815,0.0,-0.016736504488394255,0.00943393849868146,-0.12048192955663484,-0.015909134643743994,0.007481229740367468,0.007142884390694659
2019-02-19,-0.008438706972423216,-0.03365026296575724,0.37823842389749784,-0.024390243902439046,-0.02460052997662221,0.05769234648823174,-0.0136986820351932,-0.012910869065896224,0.02290070445226111,0.014194114641782551,0.02799997329711923,0.010204120690535445,0.06170211939329029,0.0,-0.02739727816990678,-0.00808309955459563,-0.006188142476111547,0.00780139387952139
2019-02-20,0.007446777240091684,-0.015442910300271229,-0.1541353656395278,0.0,-0.002586724952018171,0.018181800842285156,-0.02777775202268362,0.0029727196977635817,0.10447765761639194,0.0036117347667639077,-0.28015561404799416,-0.020202032527164904,-0.004007991653487197,0.0,-0.042253504730851654,-0.005820756193866683,-0.016189245569957045,0.0007037458729761692
2019-02-21,-0.013727688750587275,-0.0013839203379975018,-0.053333282470703125,0.02499999999999991,-0.02658313807228374,0.008928605640421639,0.057142870766776044,-0.015411986718884552,-0.0675675666967912,-0.015744506913044964,-0.021621665160441172,0.01958761812206644,-0.014084470678983552,0.0,0.007352922614470181,-0.007025789958293394,-0.0227848484813733,0.00281293678634964
2019-02-22,0.0,0.03772708432607086,0.051643140462787285,0.0,-0.011101243489690549,-0.0353982801285756,0.01351350045186761,0.012040869851996261,-0.02173914395568488,-0.030621576873518963,0.04419892013504234,-0.01213348868978259,0.016326531023339808,0.05607486409100515,0.007299344596003232,0.0035377831006331295,0.015544088815740986,0.011921463784385633
2019-02-25,-0.00535323482948824,0.03220059635849526,-0.004464281437804529,0.024390243902439046,-0.015267148374836115,0.01834869448980969,0.020000012715657656,0.039262336013114796,-0.007407435664424145,0.024516760028733486,0.021164001140624666,0.013306083388034295,0.002007970240576862,0.008849534618207366,-0.014492808374494848,-0.043478232595892896,0.04209182618410101,0.004157967059838619
2019-02-26,-0.021528294903260248,0.00445665898316272,-0.04484300617814163,-0.023809523809523836,0.054719561482029944,0.0,-0.06797385286849955,-0.016599829397647925,-0.022388003403051693,-0.040957174799684526,0.0621761699635448,-0.01010104837382797,-0.0020039463758904086,-0.061403574326641785,-0.176470610234702,0.018427491199979107,0.03916764893953051,0.06142169478130177
2019-02-27,-0.02750275906844979,0.02719327067118682,0.009389661902325042,0.024390243902439046,-0.011024656368842312,-0.02702704328151928,-0.01823283483230509,0.01629794961135822,-0.015267233367592836,0.013915499330872105,0.004878044241882984,0.020408176505266162,0.008032079162903827,-0.009345771069191988,0.01785721178768762,-0.0410133252052205,0.07420496247645292,0.009752901002219927
2019-02-28,-0.006787615013394532,-0.04040677207924237,0.0,-0.023809523809523836,0.03628416634648235,-0.027777794947839718,0.007142884390694659,-0.012027439603900736,-0.04651158492543972,-0.053478429041527886,0.0,0.009999974568684955,-0.007968078922224175,0.0,-0.008771907320705097,-0.0025157104866910807,0.006578993461579419,-0.09465546288668558
2019-03-01,0.013667187281458437,0.025119727872014996,-0.009302316297383983,0.0,-0.007593347515649662,0.009523845854259694,0.035460991948418785,0.019130430359771244,0.02439025903112113,0.02349996566772461,-0.014563093312173536,-0.009900965168791576,-0.02811247527075933,0.04716981245244378,0.035398138472829244,0.1778058021646547,-0.026143868933987457,0.09103838511877416
2019-03-04,0.014606997767814711,0.0011331704360306727,-0.03286392859173648,0.0,-0.005313496280552554,0.06603771547865533,-0.0136986820351932,-0.020477850507047646,-0.1904762301225138,-0.010747402087647684,0.014778311237724884,0.009999974568684955,-0.010330566293230148,0.0,-0.02564096154719786,-0.008565266847523234,-0.011185618846653589,-0.011734048460580682
2019-03-05,-0.01993348968153974,-0.029004004568569552,0.004854364437391068,0.0,0.02307689699352289,0.017699097866309854,-0.030555527224952028,-0.010452869047884117,-0.0686274335641942,-0.0079012270326968,-0.014563093312173536,-0.011881145612789634,0.20876822377389503,0.009008986304320121,-0.035087740823673386,0.030237545110215702,-0.019230777529362197,0.007255977009151593
2019-03-06,-0.02259897458407445,-0.07839133715177338,-0.019323653692280396,0.0,-0.03634084030931106,-0.04347826086956519,0.04584529667434767,-0.05751181906873937,-0.052631578947368474,-0.04280739690491153,-0.024630518729541362,-0.01803610240130349,-0.0518134966760736,-0.06249995742525183,0.11818186442057299,-0.03039828369240949,0.01268738820176174,-0.02685008440048675
2019-03-07,-0.0069365909788114966,-0.0037944929401865224,-0.024630518729541362,0.024390243902439046,-0.021889913821241946,0.009090943769975102,-0.02602740441864737,-0.026774555778369846,-0.03333335452609587,-0.00832032507648739,0.005050500185316276,0.0051020279073654695,-0.04918034407929395,0.009523785303509502,-0.04065040482310045,0.08540532494605402,0.05922556646681132,0.012786038926470678
2019-03-08,-0.013969431500243878,0.011585516209799973,0.005050500185316276,0.023809523809523725,0.005982743806919544,-0.045045043496998116,-0.011251747145398672,0.008317345712672619,0.011494296972653917,0.013633992293791364,-0.02512560405862696,0.06598987523809585,0.001915744492648308,-0.02830187547556262,-0.016949216467680994,0.07171322470953623,-0.011828022375865221,-0.01461795775685415
2019-03-11,0.020071160205427763,0.03451522913408822,-0.015075362435176154,0.023255813953488413,0.013436136791884712,0.056603717566302336,-0.004267455037411327,0.008883209874062992,-0.2045454717864671,0.022245230567664587,0.0,-0.019047631157769085,0.003824068503150535,0.02912620160650614,0.05172411714146308,-0.06598509932923324,0.0032644927111364908,0.01011460683088039
2019-03-12,0.010416332308752052,0.08947518468363813,0.0,-0.045454545454545414,0.016300803956765364,0.008928605640421639,-0.011428560529436416,0.0012578904555671233,0.014285700661795575,-0.006072916894909852,0.03092780464424627,0.02912620160650614,-0.0038095007114671287,0.00943393849868146,-0.016393401615722336,-0.006965248206486585,0.02711496667673785,0.02536716462303623
2019-03-13,-0.016036940280224177,0.03814039021211513,0.010204071702683226,0.0,-0.014542382852410607,0.14159286732643483,0.026011535600303448,0.016959827667697214,-0.08450702995658965,0.027494955820210443,-0.009999990463256836,0.03773587395376232,0.003824068503150535,0.028037432045502575,0.04999997880723739,-0.037074180967100245,-0.021119303445160997,-0.025390585831093992
2019-03-14,0.0011647695627854393,-0.031241643521715323,-0.010101000370632551,0.0,-0.012152725117808627,0.13953490263280655,-0.008450696279642567,-0.0197653266178327,0.07692307692307687,-0.046085247329617385,-0.030303061318608826,-0.045454545454545414,-0.017142800203461594,-0.018181771943063474,0.015873076744141734,-0.05411025790542301,0.060409863893089666,-0.008016024276457756
2019-03-15,0.019767217153562555,-0.004705831666306226,0.020408143405366452,0.0,0.008128254811580193,-0.013605429378242606,0.02272725117600638,0.013232516676831452,-0.11428574153355187,-0.006233809830306414,-0.005208328482694813,0.009523785303509502,-0.027131808154051584,-0.02777782356460834,-0.007812579162415734,0.00880089596105238,-0.03458801172194781,-0.01010104837382797
2019-03-18,-0.009122234630091874,0.015157784485901216,-0.04000002145767212,0.04761904761904767,-0.004358248042276358,-0.027586180588294762,-0.061111054449904056,0.02736321742196912,0.1129032754253041,-0.0026136559986416064,0.020942451183951105,-0.00943393849868146,-0.007968078922224175,0.028571477012028668,0.039370080316902145,0.07306438788734648,-0.0221285609285351,0.002040798187785242
2019-03-19,0.002301553972877457,0.02164386069937918,0.0208333760189523,0.0,0.009192410293581199,0.035460991948418785,0.0014792532109619838,0.013317149349781232,0.14492753422878746,-0.009958099309085977,0.010256400224333495,-0.019047631157769085,-0.02811247527075933,0.018518470551362576,0.007575834932263215,0.07723571017377462,0.034482829494228984,-0.020366547615995434
2019-03-20,-0.012628774468647075,-0.04853851780243168,0.020408143405366452,0.0,0.01648233789398268,-0.05479453218030195,-0.004431345626716543,-0.011947363101873054,-0.012658215623466695,0.018528342656354058,-0.0355330210332383,0.019417488313168585,0.008264514214687102,-0.018181771943063474,-0.05263163429846762,0.037735864817389775,0.006249944120647832,-0.04643105073626563
2019-03-21,0.03837173382429104,0.062429542873897015,-0.019999980926513672,0.045454545454545414,-0.017708594184718374,-0.007246404354172786,-0.03560827585582371,-0.002418434904062905,0.0,0.03014552653876401,0.02631582744894323,0.0,0.0,0.027777705827044086,0.00793648791311119,0.05636364898665813,0.07867497317667538,-0.018168604348948847
2019-03-22,-0.030235004401125476,-0.055975610225068695,0.035714250959391514,-0.021739130434782594,-0.03605561755773601,0.04379564889219578,0.2553845919095552,-0.061212135083747676,-0.06410256253505209,-0.0423814412473098,-0.030769261805968173,-0.019047631157769085,-0.00819677187699508,-0.027026958912960142,0.007874096162013844,-0.05851987346271792,-0.05854123341755324,-0.02960773985402787
2019-03-25,-0.003464407780305656,-0.018547136838345413,-0.04433493371317443,-0.022222222222222254,-0.0033799009492081478,0.321678277373437,-0.08700981022348231,0.013557136297608352,0.0273972334300725,0.03371977410077753,-0.010582000570312333,0.00970877501983125,0.002066052078542935,-0.009259353013245764,-0.07812499689559149,-0.03839113183075449,-0.028542372545224404,-0.04347823873007528
2019-03-26,0.0011591334259217767,0.0045812412571888395,0.0,-0.022727272727272707,0.010626299653508475,0.06349210514072845,-0.057718099241272025,0.008917219428253409,-0.013333320617675781,0.016309871617554927,-0.04812835997278453,0.01923071985414171,0.02886600812506135,-0.06542051632227042,-0.008474662113743037,0.036121591996691294,0.027282291308184048,0.022328527418098654
2019-03-27,-0.018518562386715565,-0.04075816851905367,0.0051546341073744895,0.04651162790697683,-0.04049218367676877,-0.004975143262281545,0.05413107058025446,-0.018308078223449264,0.04054050135560283,-0.06469412642813199,0.022471956014182393,0.06603780940884296,-0.022044003545032775,-0.020000012715657545,0.0,0.02385319144615261,-0.03779365546484126,-0.02106080425246515
2019-03-28,-0.0023587904133379745,0.026444790430238507,0.02564100056083385,-0.0444444444444444,-0.012123995718004488,-0.039999961853027344,0.02702700090373522,0.028295792603620917,0.03896106469689564,-0.06112597388558427,-0.010989065691980104,0.0,0.020491777995928606,0.020408176505266162,0.017094083045636976,-0.034050106162671456,0.02229299749959157,-0.011952236647400971
2019-03-29,0.009456260199933286,0.05731664385246793,0.029999971389770508,0.0,0.023601604229158468,0.0364582722799669,-0.030263160784158694,0.006879337831527055,-0.07499998807907104,0.026841765117698424,-0.016666651213610217,-0.026548716382559845,-0.036144554433663156,-0.009999974568684844,0.07563027185541005,0.022263439215259417,0.05503631637308248,-0.001612863282630106
2019-04-01,0.02693222118881211,0.005886383124051653,0.014563093312173425,0.0,-0.02052115324777526,0.09547736959557795,-0.048846629887014825,0.004968939242891546,0.0,0.03058960836551683,-0.0056497121870150435,0.045454545454545414,0.00416664096252739,-0.020202032527164904,0.03906249844779586,0.022686110076902688,-0.00590545933498865,0.001615468812962817
2019-04-02,-0.003420837986284453,0.030484455109352826,0.009569369257348859,0.0,0.01577215724944092,-0.004587086129392737,0.024251011969496528,0.03461059674784095,0.01351350045186761,0.014031312425650144,0.1022727657571314,0.026087000750113276,-0.024896317392415046,0.01030925199752164,-0.022556428357406677,-0.03371785587387299,0.0049504193239715555,0.0024194102877774792
2019-04-03,0.0160183567405896,0.0361859194347236,0.014218109620800279,0.0,0.00533021504743636,0.03225801064423561,-0.025069614574109722,0.031063349156123632,0.0,0.013304948792919324,-0.010309329662834377,0.008474554353937958,0.006382992351602557,0.0,-0.007692288129757641,0.006427882200584989,0.02955667014875263,0.06436035538369467
2019-04-04,0.0,0.011980658327489957,0.023364462553857157,0.0,-0.0016136046776173973,-0.013392823311138558,0.010000024523053819,-0.020278121484845424,0.08000005086263018,0.009978918990179109,-0.031249970896168877,-0.025210126236557606,0.0,0.0306122323199971,0.007751918117475443,-0.0611313749752459,-0.03732051643701062,-0.006802660773060132
2019-04-05,0.00788296477287509,0.02166248347164723,-0.0091324111433575,-0.046511627906976716,-0.0016162830689592234,0.03167415581484567,-0.001414459496326459,0.017149669907993825,0.037036941102725374,0.024960975229462168,0.0,0.017241445458981097,0.0,0.0,0.007692288129757641,-0.02623903914601844,0.023856835100142915,0.018264822286715
2019-04-08,0.0011171176033264452,-0.012327415756185123,-0.08294933660307369,0.024390243902439046,-0.012257141229834456,0.030701788875572733,0.03399436967429126,0.0005812977377737116,-0.10714281659547786,-0.01725003861147334,0.010752677834782398,0.04237287952949487,0.029598336682762127,-0.009900965168791576,-0.02290070556370205,-0.023952192377498238,-0.0009708959899662473,0.0074737987249702265
2019-04-09,-0.00892845313547197,-0.025337073628320717,-0.005025120811725348,-0.023809523809523836,-0.022477185591959215,-0.05531911647066157,-0.02054795773263285,-0.020917996638810443,0.013333320617675781,-0.038719667914566935,-0.00531914387692578,0.0,-0.03285421069411132,0.0,-0.023437538805105684,-0.033742272620532976,-0.04664718600736417,-0.024480707337717567
2019-04-10,0.009008888574915774,0.02407484916093261,0.020202000741265103,0.0,0.011017978691055363,-0.045045043496998116,0.006992966885427165,0.018397594001439588,0.02631582744894323,-0.015037630183964867,-0.010695176938778084,0.016260120577509918,-0.010615803353334008,0.04000002543131509,-0.040000000000000036,0.01375654286383221,-0.008155033023280689,0.01368823653212381
2019-04-11,0.0022320847303611835,0.0005001990110884424,0.0,0.0,-0.050462018485077365,-0.04245290063631668,0.01388894223872672,-0.02505829306523155,-0.01282056141338439,-0.032170128008676024,-0.005405400180747089,0.0,-0.012875458756063884,-0.048076921901289094,-0.025000042385525223,-0.012526032357877082,-0.006166440777508275,-0.02325577402225487
2019-04-12,0.014476865334440259,-0.014998182047208375,0.0,0.0,0.05513973746658718,0.01970450940454449,-0.0410959154652657,-0.011356762218033278,0.07792212939379128,-0.01915493817396563,-0.005434777327093299,-0.08799997965494788,0.02608690427770899,0.020201968306673868,-0.017093974364798536,-0.034883716848906676,-0.03412615523293028,-0.0161290346208669
2019-04-15,-0.007684055506191223,-0.016368493281176066,0.029702942250534603,0.0,-0.036888168192629744,-0.0869565738196415,-0.017142840794154623,0.007255074077542112,-0.04819278146691419,0.004595055968248385,0.0,0.04385964814437848,0.025423783751455264,-0.009900965168791576,-0.008695630059725956,-0.015334105750426041,-0.023554632059385128,-0.0007806579667649638
2019-04-16,-0.0022122185738061573,-0.0018059777568496527,0.04326930571590215,-0.024390243902439046,0.02332433165902481,0.02645502698898361,0.053779052239034675,-0.0024009008730527803,-0.05063292285300003,-0.03487710796651222,0.0,0.016806679588196483,-0.010330566293230148,0.0,0.008771907320705097,-0.020022206199527215,-0.007675405230548105,0.0320312376017684
2019-04-17,0.0011084482133447704,-0.050659063169870566,-0.018433161496169914,-0.050000000000000044,0.02807104738410615,-0.06185561232921977,-0.020689668326542288,-0.01564381562894246,0.04000002543131509,-0.031398033509902445,-0.021857967281024404,0.0,0.006263061137586234,0.020000012715657656,-0.017391260119452023,-0.0170261446283837,-0.059668502814603674,-0.043906125816136954
2019-04-18,0.0,0.007350951841238018,0.06572763331627463,0.0,0.03990666535242848,-0.027472526320886037,0.039436649798495926,-0.02383865090298265,-0.10256412450927044,-0.008562770258754293,-0.01117317394007622,-0.033057872952082845,0.014522783552285645,-0.009803958845400862,-0.008849647146145223,0.0046189140311974075,0.01762627667402339,-0.026920043508086744
2019-04-22,-0.01439670512814406,-0.026081085205078125,-0.03083697525593232,0.0,0.08280967996197086,-0.011299477645120626,0.0027100244737636725,0.007514081625084934,-0.0714285714285714,0.006169055343471008,0.01694913656104502,0.017094083045636976,-0.020449873809384234,0.0,-0.008928549127512841,0.04827587084265739,0.0,0.007323039289442113
2019-04-23,0.014606997767814711,0.01082279426390631,0.0,-0.02631578947368418,-0.017409313775097135,0.0514285496303013,-0.0040540823542868365,0.019266591858454474,-0.04615387549767125,0.030656040243537186,0.0888889389273575,0.033613466030655736,0.01878918341275848,0.0,-0.01801797260864013,0.03179820489463414,0.06928410993552458,0.001615468812962817
2019-04-24,0.052048902672674924,0.0056280531324242045,0.022727250560256484,0.0,0.020248905251900595,-0.0326087170602698,-0.021709613283117712,-0.014024362657695022,-0.016129017372408794,-0.018441372741888062,-0.005102035851341613,-0.03252034453434538,-0.036885321749918876,-0.009900965168791576,-0.01834869341955403,-0.02337938300945963,0.022678189304141227,-0.015322547276482967
2019-04-25,-0.010526363413869033,0.014741935164728215,-0.026666641235351562,-0.027027027027026973,-0.0035146002979706825,0.0,0.026352296285048427,0.0024736554106361552,0.0,0.009090885971531737,0.0,0.033613466030655736,0.010638285584620544,-0.009999974568684844,-0.009345771069191988,0.033732387979728884,0.011615591718642904,-0.009008980862701077
2019-04-26,-0.02446793570266015,0.034301899076878195,-0.00456620557167875,0.02777777777777768,0.03547719108613201,0.0,0.04054050135560283,0.0006169173008414575,-0.01639342724524051,0.013813786636989178,-0.010256461357301072,0.04715441170237433,-0.01894740910565329,0.020201968306673868,0.00943393849868146,0.0,-0.021920672214967296,0.0024793166963146263
2019-04-29,-0.0054528099977891875,0.006502796253986087,0.0045871514481794495,0.054054054054053946,0.042476420417146166,0.022471996799083183,0.02597406377356548,0.0098643559917031,0.09999998410542799,0.021919482087023656,0.0621761699635448,-0.0139751791940248,-0.019313241086835964,0.0,0.04672897418388655,-0.0073683832803583815,-0.006403358236412915,0.0016487637181095138
2019-04-30,-0.006578888310382558,-0.060343690473913636,-0.018264822286715,0.0,-0.02902167199732064,0.0329669477455663,0.05063292285300003,-0.015262516044494134,-0.015151500920837613,-0.02782606041949731,-0.004878044241882984,0.01574809220073603,0.006564565364282737,-0.009900965168791576,-0.044642859170226146,-0.055143227462658984,-0.002148276784341485,-0.023868310366918943
2019-05-01,-0.008830130540222081,-0.043454395064142726,0.027906948892152172,-0.02564102564102566,0.0031670141474220426,-0.026595745760156553,0.053011996418321106,0.002479908097245298,-0.04615387549767125,0.0005963165538975801,-0.09313722625689835,0.0,-0.004347799498476856,0.009999974568684955,-0.018691542138383865,-0.017957321943508187,-0.06566196546631342,-0.0025294885193610783
2019-05-02,-0.0022271136240482603,0.03047732635120126,-0.013574647453366007,0.0,-0.04380422696166675,-0.016393401615722336,-0.07093820386676752,0.016079173015157266,0.16129032754253037,0.0333730299777677,-0.03243246552193535,0.015503836234951107,-0.0010917771679782584,-0.01980193033758304,-0.4666666908869668,0.05257141223594641,0.020737251748036645,0.05071854483002913
2019-05-03,-0.061383871974299065,0.02371647518142428,0.0,0.026315789473684292,0.012794019008181223,0.0444444020589192,0.033251288370564014,0.03956175328405265,0.0,0.03229523996623529,0.02234641447752228,0.007633568521234091,0.0032788034713568948,0.010100984153337045,0.0,-0.0010857707845940423,0.056433410764658465,0.049879313784161106
2019-05-06,-0.04756240108658438,0.022894526683803207,-0.0045871514481795606,-0.02564102564102566,0.0024450127075745787,0.026595745760156664,-0.016686571822869367,0.00878217911008794,0.0972222645341625,0.02737428947266074,0.16939893700492714,-0.007575738601520388,-0.013071922129294533,0.0,-0.017857098255025683,-0.0010870111164346108,0.04059830431402123,0.0137930535533064
2019-05-07,-0.026217118408989437,-0.03690376676210361,0.06451606523659481,-0.052631578947368474,-0.03353658536585369,0.0051813671203522205,0.06666668978604395,-0.011027198592967857,0.0,-0.029907517961644814,-0.11682247988510452,0.007633568521234091,-0.03532019772591022,0.009999974568684955,0.0,-0.004352535110831224,-0.02464063416406137,-0.031745966526967484
2019-05-08,-0.005128332963787563,-0.03236967682459302,-0.0649350046166508,0.05555555555555558,0.010304929330145818,-0.010309219563065741,-0.004545450112051319,-0.019953059525840366,-0.11392406132946664,-0.016255656560926424,-0.026455001425780944,-0.03030295440608144,0.013272400422552177,0.009901028117592858,-0.018181771943063474,0.038251413711779536,-0.022105267173365584,0.10928958412728651
2019-05-09,-0.01932985374162488,0.023445310381670526,0.02314812515252984,-0.02631578947368418,-0.024354666607206976,-0.015625058983760765,-0.04337900736441225,-0.02215573786406655,0.014285700661795575,-0.0068375462735840165,-0.07065217003986834,-0.015625058983760765,-0.026648603645223257,-0.029411751872894798,0.037036941102725374,-0.017894761614829946,0.0,0.04081632105200805
2019-05-10,-0.009198585964590444,0.040787902608040216,-0.027149294906731902,0.0,0.01301466914245153,-0.031746052570364225,0.02983293515344765,-0.006736105992987573,-0.04225348139821283,-0.0005737365867324318,0.0,-0.0158729758262226,-0.004640342802533448,0.020201968306673868,-0.017857098255025683,0.05144703879071355,-0.020452053946553805,-0.00743743454773238
2019-05-13,-0.05437653389142971,-0.03422363412492613,-0.004651158148691992,-0.027027027027026973,-0.07834874188260044,0.010929003894951883,-0.038238692853995726,-0.041923512964738396,-0.02941180595477033,-0.06716418318999573,-0.029239807257405603,0.0,-0.06293713574178506,-0.02970295845517601,0.0,-0.04383293463295779,-0.015384652467469784,-0.00544958597022982
2019-05-14,0.009817702407179718,-0.0034741523510378736,0.01869157004308586,0.02777777777777768,0.035191941685762895,0.0324324530524176,-0.027710902484964994,0.018661516252568067,0.045454575010568155,0.017230811485877462,0.0,-0.02419358890915757,-0.004975094144679448,-0.010204055814730828,0.14545452233516798,-0.01385920473380542,0.0033481844691369833,0.015068445726461377
2019-05-15,0.015277591425628012,0.01129546184541974,0.022935757240897692,-0.027027027027026973,0.002207505518763808,-0.047120397934830804,-0.07063193511516419,-0.0025268453598111806,0.0,-0.015728990809533827,0.04819279790599551,-0.033057872952082845,0.022500047655477085,0.0,0.06349210514072845,0.01621613278167966,0.012235885778880462,0.059379226218759795
2019-05-16,-0.008207861179490461,0.0004137673756259286,0.0,0.02777777777777768,-0.00770925110132159,0.0,-0.0319999694824219,0.008233066165610259,-0.028985548309857667,0.10633063881757976,0.0057471209243953325,-0.02564096154719786,-0.017114990099142524,0.0,0.1194029638299332,-0.017021249288968532,0.0329669477455663,-0.007006347644178401
2019-05-17,-0.012413752120467691,-0.02246733031354442,-0.00448430061781413,-0.027027027027026973,-0.009766912089865465,-0.09890115763481233,0.04407709156140127,-0.019472388073559888,-0.029850718650553665,0.039444393581814285,0.0,-0.035087740823673386,-0.007462641217019117,0.020618569539669007,0.013333299424913125,-0.01731598905536491,0.014893654149386482,0.03784478170707084
2019-05-20,-0.01536322800158052,-0.03341786771541799,0.004504500150622537,0.0,-0.030038093954598555,-0.07317072177911899,-0.03825857055038584,-0.024343377501508834,0.0,-0.02512022107711076,-0.011428560529436416,-0.004545500784209233,-0.0426065646503736,-0.020202032527164904,-0.0263157234297543,-0.014317229213408056,-0.026205450838538646,0.014833112891931899
2019-05-21,-0.005673611443258841,0.03078045975808985,-0.0403587055603275,0.0,0.039750360998888956,0.019736854901274414,0.008230444868793985,0.024950763352755922,-0.015384600712702867,0.027412281045733122,-0.005780341244511877,-0.0547944998681984,0.04188488540916002,-0.020618569539668896,0.0810810439279559,0.02681563016069277,0.06027991624501561,0.0359317996252444
2019-05-22,-0.01711831991837076,0.00976499824867294,0.023364462553857157,0.05555555555555558,0.022894017448946036,0.012903213500976562,-0.25170067056280476,-0.012171658203850577,-0.0625000139698384,-0.016542127520201455,-0.04651165208409025,-0.004830905707438382,0.025125597919629428,-0.052631578947368474,-0.025000015894571903,-0.014145678892505065,0.005076064479612397,0.012933527947927237
2019-05-23,-0.037736122291964325,0.027750573220429064,-0.06392698687043075,-0.02631578947368418,-0.031725349231297884,-0.019108292635635737,0.018181800842285156,-0.0019455079651595764,-0.016666650772094727,0.010851809673310342,0.006097555213709249,0.07766989152618087,-0.1421568411026266,-0.3999999717429832,0.025641042361154165,-0.015452580566050589,-0.015151477203040775,0.027278075054558037
2019-05-24,-0.012066052111755932,0.018682600340633293,0.019512176967531936,0.0,-0.003141817498447552,-0.03896100276999048,-0.017857126131349377,0.0012995129072905787,0.06779662523760033,0.011808976415116135,0.03030307408973054,-0.03603605977275626,0.005714250664330178,-0.1296296470722318,-0.012499968210856083,0.010089696183701147,0.033846146021133894,0.07231631209739597
2019-05-28,-0.007633778014703663,0.003748412585417027,-0.03349279240072123,-0.027027027027026973,0.004952682640692485,-0.08108106714865881,-0.05454548922452063,-0.024010375679608953,-0.07936507696227191,-0.024403235146535418,-0.05294119462009894,-0.018691542138383865,-0.06250003943248905,-0.021276608696346178,0.03797466622607182,0.0055494223566707745,-0.017857173267676107,-0.07692303054189809
2019-05-29,0.007692500858636375,0.036809741041185395,0.0,0.0,-0.04838711110852845,0.022058766812190767,-0.01923075159625831,-0.009973378916936726,-0.017241444513996895,0.00598154507897819,0.049689467207783,0.03809526231553817,-0.05151506382366522,-0.13043479462727536,0.012195090748312598,-0.032008847079117,0.008080800685720702,0.013127827410210458
2019-05-30,0.019847276005993564,-0.03768973997542768,-0.0049504903750891005,0.02777777777777768,-0.00706214709559283,0.06474824438158877,0.009803959150949337,0.011417063289067109,-0.03508768701010212,-0.053513501141522424,-0.05917160973729663,-0.01834869341955403,0.003194868532638173,1.0249999364217124,0.09638552832523839,0.03534771981297702,0.0040081079521152585,0.024225369305677757
2019-05-31,-0.029940331209355797,-0.02673439467009109,-0.004975119657066318,-0.027027027027026973,-0.045519161320784596,-0.05405406624492348,-0.03689321431107728,-0.02058435663872238,-0.018181800842285156,0.04740147988901877,0.006289302046118772,0.009345889907118599,0.0,-0.3209876330022501,-0.06593403983019153,-0.20704849520138302,0.007984023957211539,0.029702915242799888
2019-06-03,0.015432329560991276,0.01016351487401912,0.004999995231628418,-0.02777777777777779,-0.03800302553053858,0.021428585052490234,-0.0020161751622832513,0.028474581443657332,-0.05555558989567955,0.02017442359903998,0.04999995157122683,0.009259235275681288,-0.02229301415300744,0.018181771943063474,-0.05882352941176472,0.04722229011628021,0.024752474312641715,-0.011217900223043697
2019-06-04,0.07902738422276667,0.00584636692500462,0.014925358971198843,0.02857142857142847,0.05861092931189438,0.0,0.030303050736824266,0.02966379742926617,0.01960782480441492,-0.16729018246527727,0.0,-0.009174288381074036,-0.006514698562065879,-0.035714196510051366,0.0749999682108562,-0.05570292516981834,0.036714893406858184,-0.029173468873585406
2019-06-05,-0.01408464204180282,0.017301956220807657,0.024509781005518594,-0.02777777777777779,-0.004146371236661617,0.04895103496003261,-0.05882347441324487,-0.01472468270943883,-0.03846150319251662,-0.05905006937093116,-0.04761900369272076,0.07407399994301511,0.013114755424669555,-0.1111111765208691,-0.05813953660298243,-0.0014044871771953238,0.0018639756399749796,-0.010016605715359228
2019-06-06,0.014285853169963447,-0.03760299961102864,0.02870822184792665,-0.02857142857142858,0.013960353606284004,-0.04000002543131509,0.02499997516473229,-0.0025990877817220204,0.019999980926513672,-0.01023189768700794,0.006249993946403354,-0.05172411714146308,-0.01941743773768101,-0.08333332229543589,-0.049382670504806936,0.07454282573345417,-0.014883706736010138,-0.06520526672644955
2019-06-07,-0.004225385405797977,0.04901288191081421,-0.04651169237927755,0.0,0.019082110861073476,-0.006944404891978451,-0.024390220263873164,0.010423442569112762,0.13725496062587217,0.027567168312932377,-0.006211174145593357,0.009090885971531737,0.006600619749738357,0.045454575010568155,0.02597404205893583,0.0209424470593349,-0.020774340307733286,-0.013229063406900998
2019-06-10,0.04667610365381325,-0.049486732957446544,0.004878044241882984,-0.02941176470588236,0.03721263909494943,0.013986000461365,0.14374990686774614,-0.0025789788048191653,0.2931034057517412,0.0281690194897517,0.03124996973201677,0.027027073468436136,0.013114755424669555,0.23913044529886607,0.012658195249076298,-0.07820508345281107,-0.06943107762531964,0.06581352429911047
2019-06-11,-0.004054293541390197,0.018138985550421483,0.004854364437391068,0.0,-0.018510068534138835,-0.027586180588294762,-0.07468121393538851,-0.003232074329140633,0.05333334604899087,-0.028049596041473945,-0.006060600368335001,0.0,0.006472532484245397,-0.10526316670059366,0.0,-0.012517397674963293,-0.06010362141282555,-0.040594573685764246
2019-06-12,-0.02170969478736684,0.007343953821462357,-0.009661826846140142,0.030303030303030276,-0.0025611317893262653,-0.00709222544427357,-0.05511805849928453,0.002594031235740424,0.025316491606066638,0.006040278851817016,0.0,-0.008771907320705097,-0.012861737099781112,0.0,-0.025000015894571903,0.0042253303762516126,-0.011025295607504204,0.03396899115015284
2019-06-13,0.006934916997306306,-0.04144727565104522,-0.014634132725648952,-0.02941176470588236,-0.022875788824910148,0.021428585052490234,-0.010416705989173769,0.024579567496978205,0.02469133331433837,0.022014671697452526,0.06097562482568364,0.0,-0.03908795023908773,0.0,0.0,-0.019635398265255954,0.010033461528279553,0.004610946509920444
2019-06-14,-0.05509639543387934,-0.01915493817396563,0.0,0.030303030303030276,-0.01624466844576511,0.020979034037302835,-0.052631578947368474,-0.006944482909843286,0.0,-0.0065273779234600315,0.01724136277318622,0.017699069236414733,-0.13559322884549563,-0.03921571071829566,-0.012820480425263736,0.02288988499242417,-0.011037569187436924,-0.03729200270508648
2019-06-17,0.0,-0.034750117607052045,0.0,0.0,0.016755766436621355,0.0273972334300725,0.02222220102945971,0.02733632025997168,0.0,0.055190485162688985,-0.045197697496120015,-0.008695630059725956,0.05098046843323423,-0.06122446463999409,-0.012987062314069653,0.018181880100766934,0.04129462990890809,0.01728241932728336
2019-06-18,0.03790070849618865,0.0022315013858211774,0.0049504903750889895,0.02941176470588225,0.00406014244062769,0.04666665395100922,0.013043466092057088,0.018564309399333956,0.0,0.04296392011225558,0.14201176461625753,-0.017543926182263303,0.044776027328456536,0.0,0.03947375245592055,0.05219776043046043,-0.019292637368455767,0.026947920330705477
2019-06-19,-0.008426963869718529,-0.012023232224513736,0.04433493371317443,0.0,0.017364458650169112,0.02547774376204348,0.008583683082144411,0.01032807325331575,-0.036144600462750365,-0.0011940571799207156,-0.07772019701281274,0.00892866266017478,0.07142857772346312,0.0,-0.01265827572791911,-0.0339425291317369,0.0054645019474759415,0.05590413598687993
2019-06-20,0.01841384606074259,0.006911044190885285,-0.03301883821769058,0.05714285714285716,0.02197800708019204,0.031055899885286564,0.04680856935251798,-0.007215811060764632,-0.10000002384185791,-0.020920525466012085,0.05617978957818792,0.0265486038546221,-0.0033333130441978165,-0.02173914395568488,0.012820561935890318,-0.00810814105343094,0.059782630667118974,-0.08589952095770126
2019-06-21,-0.016689766936354822,-0.11608468150236018,0.0,0.1351351351351351,-0.08121711165474743,-0.018072357681633844,0.02642278707825585,-0.004845543464385038,0.0,0.015873030659524723,-0.037234070547677245,0.05172411714146308,0.0033444611802757596,-0.022222236350730618,-0.02531647097699541,0.027247967496838,-0.022564129951672673,-0.017139533937334583
2019-06-24,-0.001414751966435035,-0.0916610423923998,0.02439022120941492,-0.09523809523809523,0.010209178389451568,0.0,-0.003960392113094846,-0.019476548318956066,0.02777781825006853,-0.024639414810746052,-0.027624283920971493,-0.04918030907387272,0.053333419973425666,0.022727287505283966,-0.02597404205893572,-0.025198956318785215,0.003148025969162749,-0.0583282839630509
2019-06-25,-0.021246416526214618,0.020256460226163897,0.014285814843214784,-0.02631578947368418,-0.01971900359696699,0.04294483409225536,-0.005964256174353699,0.010552456229251161,-0.08108106714865881,0.011706749193872046,0.034090944496560915,-0.00862066792062055,-0.009493690408207023,-0.06666663840964993,-0.053333367241753526,0.02040813407021691,0.0,0.01468713270445221
2019-06-26,0.04196840727093498,-0.020765085112216752,0.028168985706974903,-0.027027027027026973,-0.0010058446109734165,0.04705877865062047,-0.05399999618530271,0.0024569414306918613,-0.08823534774120145,-0.01339825288259966,-0.02197806588435247,-0.004347870315330571,0.01916929003280643,0.0,0.0,-0.028000005017498886,0.010460190732859864,-0.08432977492986538
2019-06-27,0.024999985786700485,0.014136944939711071,-0.06392698687043075,0.0,0.023408050833852778,0.028089888844431643,-0.03805493184202602,0.03247553287722149,0.01612909428163012,0.027777705827044086,0.03370790053551764,-0.013100348420137742,-0.006269554163146451,0.04761900076430181,0.0,0.021947913994712076,0.021739134727132736,0.014432992123305732
2019-06-28,0.010839963722112378,0.03484955420448976,-0.014634132725648952,0.02777777777777768,-0.008607968390214271,0.016393505842428047,0.021978000096834593,0.019584564761729206,0.015873000254767344,0.01921920133067645,0.005434777327093299,0.008849534618207366,0.018927406242196243,0.18181822779421708,0.02816903300286344,0.017449649274016377,-0.001013194427334052,0.006775028878369227
2019-07-01,0.029490673075135865,-0.02162349247783868,0.01485147112526719,-0.08108108108108103,0.006946136816107451,-0.016129093454646193,0.021505355393904857,0.022700778970937696,0.046874954598025154,0.01885690130352735,0.24864860162672353,-0.0263158335029684,0.006191912621073659,-0.057692342961327414,-0.013698595538180203,-0.003957763414671578,0.048681593572428294,0.02960972706751752
2019-07-02,-0.01822922478990685,-0.0052536397014335545,-0.009756088483765968,0.02941176470588225,-0.012564686327184993,-0.02185790356319839,0.0736841904489618,-0.010813917891733804,0.029850789820280887,-0.02949683064642461,0.0909091096748198,0.0,0.009230789088359392,0.0,0.0,-0.023841083873540225,-0.056092835120596485,0.0026143765591093437
2019-07-03,-0.007957284993931446,0.0027317706482561377,0.04433493371317443,-0.05714285714285716,0.024451144234088673,-0.027932961489138486,-0.06666660433501082,0.017836673662839253,-0.014492739601511984,0.04171625905521692,0.02777775149707007,-0.01801797260864013,-0.03963413051529685,-0.04081628813472782,-0.027777794947839718,0.09090907725667674,0.02971311014879463,-0.020860475335147566
2019-07-05,-0.01069524825584589,-0.023610661448120296,0.014151043126324536,0.030303030303030276,-0.02191914239214854,0.028735632813895018,-0.0042017766390675115,-0.02035051438571034,0.044117603747491074,-0.06464526260634174,0.04633209573528063,0.0,0.0031746621134400854,0.021276541059871645,0.0,-0.033582056164105034,0.010945239262647455,0.006657751314762539
2019-07-08,-0.006756994562168606,0.015066990300975691,-0.023255901635817477,-0.08823529411764708,-0.016932316252988633,0.02234634788015244,-0.006329057894472134,-0.015002898443535306,-0.08450702995658965,-0.009785923160799737,0.0,-0.03211012599116503,0.012658149759577242,0.02083334713070517,-0.028571446736653683,-0.0038610552843632018,-0.015748016714081325,0.08730163085247455
2019-07-09,0.005442314019346917,0.001282750507892283,-0.004761900436850985,0.0,-0.009118479476309727,0.016393505842428047,-0.012738841251293542,0.011716506532808868,-0.061538476210374116,0.014823950784516482,0.0,0.04265404100287373,-0.031250040965974946,0.04081635301053255,0.0,0.011627919447463109,0.0,0.020681273816478107
2019-07-10,0.006765861731507172,0.006954631631771679,0.00478468462867454,0.0,-0.013292464327120945,0.09677415054538385,0.017204284315123886,-0.005211357857690779,-0.01639342724524051,-0.020693861611237097,0.0332102999639996,0.0,0.03225810816770047,-0.058823566077443434,-0.01470584522894025,-0.008939928963998756,0.026000022888183594,0.03277706880538256
2019-07-11,-0.0053762039496791925,-0.016539437292638293,0.00952380087370197,-0.032258064516129004,-0.03911918679667259,0.09803921751955857,-0.006342539045956719,-0.025029120927677506,-0.016666650772094727,-0.01864513287071734,-0.01071427567880967,-0.031818158698804444,0.00937502000103474,0.12500008278423103,0.02985076468072445,0.0,-0.008771944500989504,0.0184650719118864
2019-07-12,0.021621539020449054,0.007946780638060424,-0.028301861329449007,0.0,-0.07764893035022968,0.00446430282021093,-0.021276576317181495,-0.01014925828620572,-0.05084748913316417,0.0050664929638584155,-0.07581228866172462,-0.014084530585095734,-0.018575814259428558,-0.055555588260434496,-0.02898552460654713,-0.060567055891748045,-0.000983306667336814,-0.013031135819111195
2019-07-15,0.0013227844477259332,0.020535366943235767,-0.019417457749564604,0.03111114501953116,0.028061987524814036,0.0933333502875433,-0.10869565442739682,0.019903493680613504,-0.035714252262698754,0.003150610655036079,0.003906246362021193,0.0,0.006309109466668961,-0.019607855359147774,-0.014925429786844746,-0.013717351356328789,0.03444885696124067,0.04822044482829857
2019-07-16,0.0,-0.04886814998490496,-0.009900980750178201,-0.032327585143793525,0.011088978564460783,0.15040645521200458,-0.002438963970067154,0.0029567851869731765,0.037037001061669184,-0.04459799213218696,-0.07782103224857206,-0.009523785303509391,0.03291535274190305,0.04000002543131509,0.0,-0.004172517203715365,-0.04186494048292033,-0.008214655895404599
2019-07-17,0.003962840629701425,0.018322652925301552,0.004999995231628418,-0.046770650722761875,0.028965094533689006,-0.16607770255470145,-0.022004926462152907,-0.01179238598980381,-0.07142858967489152,-0.0026298462690800273,-0.054852271012524545,0.01923071985414171,0.013657010234875644,-0.057692342961327414,-0.015151477203040775,0.00837984552084814,0.005958333806855842,0.008834889123120915
2019-07-18,0.006579045700059405,-0.016879982377810965,0.0,-0.07710278728703979,-0.02159058220350596,-0.04237288067101819,-0.04500001668930054,0.0017900170785085656,-0.03846150319251662,-0.0019775697310688845,0.08928573519295568,0.00943393849868146,-0.050898116883155264,-0.020408176505266273,-0.030769250331780795,-0.00415502698556236,-0.012833179957776664,0.010399486696687221
2019-07-19,-0.003921666989392225,0.029433988175302073,0.04975119657066296,0.025316455696202445,-0.008659234926021275,0.017699097866309854,0.047120437147337935,-0.029779629108751315,0.0,-0.02972263888606308,-0.03688530757266251,0.0,-0.006309187308858544,-0.041666628034025543,-0.0158729758262226,-0.006954144027464637,0.002000045776367143,0.02383534972261825
2019-07-22,0.017060595603604067,0.006048350587450013,0.0,-0.027160456151138157,-0.018033231914766135,0.08695652173913038,0.07500004768371582,0.010435737224745889,-0.019999980926513672,-0.013614691285097957,-0.0638297289515446,-0.009345771069191988,0.02857141066595914,0.0,-0.09677425309100707,0.011204424476552122,-0.006986092345364847,0.03915342783354547
2019-07-23,0.02322559381474809,-0.007105108289033546,0.03791477066447935,-0.055837580653250396,0.019225286103389472,-0.028000030517578156,0.011627839925551386,0.006682905010324758,0.020408143405366452,-0.031055887948465477,-0.013636350336153957,0.0,0.040123440805838184,-0.02173914395568488,0.07142862008542661,-0.018005449080013558,-0.011055242089031747,0.012729124631835065
2019-07-24,0.049180339504408366,0.029908276479178708,-0.0867580147288245,0.0698924306665969,-0.0030968639237390905,-0.012345648003272758,0.034482781300221976,0.006035026150360334,0.019999980926513672,-0.022079802026992668,0.01382487112212738,0.0,-0.011869437288167362,0.0,-0.11666668785942924,-0.03244004540850798,-0.018292713656964943,-0.008547012645079288
2019-07-25,-0.033653770166035435,-0.035275245048250525,0.04499995708465576,-0.040200967457085346,-0.00931945284853275,-0.04166666666666663,0.09999995761447478,-0.008398283683725194,-0.03921564960882995,-0.02112162938978457,-0.04090915938054085,0.018867996956399402,0.0150150719823412,-0.022222236350730618,-0.01886787699736292,0.056851260446444174,-0.008281565731855234,-0.01926973498976059
2019-07-26,0.019900487380434928,0.009787604143345785,0.009569369257348859,0.018324626936096156,-0.0074115612212390936,0.017391287762185792,0.0,0.015728990809533938,0.04081628681073313,0.058779760901636724,0.0047393322087359024,-0.01851858828892705,-0.008875758220421304,0.0,-0.019230780987109175,-0.02620691518704521,0.002087730472124516,-0.01861430235321848
2019-07-29,-0.002438898372973619,-0.0038405099360027117,-0.02843599325241486,-0.0359897550376066,-0.03790928128739657,-0.06410256514757218,0.04242425176540543,0.010124964840716455,-0.03921564960882995,-0.015460247395054916,-0.014150930664724504,-0.01886787699736292,-0.05671636579901029,-0.04545450276251273,-0.058823566077443434,-0.018413582300900178,-0.023958384038671454,-0.0221285609285351
2019-07-30,0.19559871199573298,0.03157696654047659,0.03902447023681255,0.024000040690104196,-0.008955223880596996,0.009132455087817792,0.12403107795511525,0.004717089349841386,0.020408143405366452,0.049964296775818484,0.00478468462867454,-0.019230780987109175,0.006329074879788621,0.0,-0.041666628034025543,0.004328982204457432,0.01600859915012043,0.005926757193792653
2019-07-31,-0.0562368581451379,-0.044135960185937795,0.0,0.03385414545320886,-0.016867488263601293,0.027149338059415218,0.051724086902089406,-0.002934339302976041,0.0,-0.021753888102948538,-0.028571402621105912,-0.009803958845400862,-0.028301946088582608,-0.023809538226368665,0.1086956506715906,0.011494273893866591,0.01050414107006259,-0.021960355958043243
2019-08-01,0.0010833396530918193,0.012846815363393382,-0.02347426668941155,-0.005037802496118737,-0.04473041169279535,0.013215824976990032,-0.0803278325866923,0.006474432715329215,0.36000003814697257,0.01945793789373451,0.00980391240220757,0.019801993286384434,0.03883503519041742,0.04878044052774633,0.13725486285072708,0.03409097072675893,-0.004158000242086568,-0.035596911850097834
2019-08-02,-0.008658445916499113,-0.043933881200513225,0.04326930571590215,-0.022784848756428056,0.04906997725960749,0.021739130434782705,0.08734398564286705,-0.0011696173869881754,-0.05882354178643112,-0.0504430652535558,-0.02912618662434696,-0.004854356646668778,-0.052959560229555724,-0.0697674143522814,0.0,0.0027472385463565008,-0.021920672214967296,-0.018171475510120993
2019-08-05,-0.03275102852498479,-0.03653139343392375,-0.004608290374042534,-0.012953368387701336,-0.04066040373700841,-0.021276595744680882,-0.040983607198115,-0.010538659600691891,0.0,-0.04020103426764665,-0.04500001668930054,-0.03414631665237555,-0.06578947902440613,0.0,-0.0172413358412411,-0.05342468536523837,-0.04695833359202306,-0.019086281872797817
2019-08-06,-0.022573010403483695,0.026741172146604875,0.0,-0.0918635207394386,0.03218612650227115,0.008695685345193604,0.05982904450227533,0.014792899742192,0.10937496856786355,0.051608118172303596,0.015706853991273695,0.04040400083383888,0.07746483890671518,-0.025000015894571903,0.0,0.007235852926464004,0.027995519759960397,-0.05719335882762833
2019-08-07,0.012702040723719277,0.0048590864196853545,0.004629625030506013,-0.06358372963188608,-0.005557233179646182,-0.21982759542045605,-0.06451606948963506,-0.023323593436006873,0.028169054758972578,0.00782358843487474,-0.015463963770208755,-0.019417488313168585,-0.03921568785569485,-0.28205130295144276,-0.17543859257751393,0.015804676298805775,-0.02178657475933754,0.03252035429687239
2019-08-08,0.028506283088462592,0.015280481699598836,-0.02304156174052152,-0.030864254946096237,0.020180067919374878,-0.022099425972376352,-0.02758626189441482,-0.038805947374941696,-0.20547944668601448,0.02752295986047426,-0.005235597192677299,-0.009900965168791576,0.044217667947495265,-0.07142850655276467,0.17021273429782036,0.021216297748606783,0.055679290143424875,0.011508209050490548
2019-08-09,-0.008869627883610454,-0.02838639037571311,0.01886802001456611,-0.0031847255632039273,0.0012172668565268996,0.028248586352996652,-0.04255315191482678,-0.004347807028923123,-0.0344828068146934,-0.01579673690124106,-0.01052630588288439,0.020000012715657656,0.0,0.03846156197421835,-0.07272726116758399,-0.018005449080013558,-0.020042150797243585,0.0017963340075677348
2019-08-12,-0.012303876420481585,-0.07803920671051623,-0.01851861050099135,-0.028753982123572497,-0.0009118169999050574,0.01648347387278326,0.04629629547867431,-0.012476653423107664,-0.017857126131349377,-0.025122097599016735,-0.02127657550770312,-0.028431399620512443,-0.006514698562065879,0.0,0.07843135910493748,0.011283439756922142,-0.024757754917197117,-0.03825459696114775
2019-08-13,0.013590142389255933,0.04189709063215985,-0.00943395377648304,0.013157882353605599,0.04046238910569855,0.04864862802866332,-0.25663721444733856,0.024636727196972297,0.018181800842285156,0.030064428651816577,0.07608694736696164,-0.008072646310579468,0.00983608679471204,0.0,-0.03636365948301368,0.03207817134826607,0.008830013245125112,0.046612802541171616
2019-08-14,-0.034636705808851476,0.05041839806859061,0.033333416590618725,0.006493531425117771,-0.0663743046989218,-0.041237074886146474,0.0,-0.02466088997925786,-0.017857126131349377,0.03683111329577704,-0.05555556224519009,0.01729400586097385,0.01623382762196668,0.0,-0.09433962490488745,0.044594588834216076,-0.03391689365123174,-0.008907340687121179
2019-08-15,0.0,-0.028565826509107217,0.0,0.016129032258064502,-0.14375194378724976,0.053763439757573916,-0.023809502184254927,0.0018963771949580543,-0.09090909090909094,-0.02949065226592884,-0.005347588469389097,-0.020000012715657545,0.012779552967530305,0.037036941102725374,0.04166669426141034,0.003880963177598895,-0.010192542850002262,-0.01318161855382749
2019-08-16,0.03356446126456403,-0.01580317841572787,-0.03225814248860648,-0.015873015873015928,0.02816390775029287,0.025510203585134228,0.002439080271815719,0.027129356140489058,0.0,0.04074586817954895,0.03763437242173873,0.010204120690535445,0.022081960975530723,0.035714310042713304,0.020000012715657656,0.050257687846695376,0.0022883819550847395,0.039465789494712356
2019-08-19,0.012317994466534365,-0.007113867548595665,-0.08571426462964848,0.025806427001953125,-0.04944857201947439,0.024875621418442906,0.04622872288278801,0.024570000101928224,-0.060000038146972634,0.007299310721906815,0.09844556641183666,0.010100984153337045,0.0493827959708093,0.034482781300221976,0.19607836659651645,0.057668757479820476,0.012557038105384555,0.03504663812551301
2019-08-20,-0.013274103865824172,-0.13633572273170758,0.07812498932859535,-0.0031446061798816594,0.018712573995415482,0.024271844210729476,-0.04651169237927755,-0.012589987288916693,0.021276677771900232,0.009222621003551756,0.014151043126324536,0.0,-0.020588326014608915,-0.03333335452609587,0.0,-0.0614849240069284,0.0033821570866119366,-0.03216702691374507
2019-08-21,0.01121069725174606,0.02583551050172006,-0.024154567115350467,-0.022082042463476115,-0.023879499296481255,-0.042654009585737396,0.02439022120941492,0.018215006491586694,0.04166662527455389,0.00326372008687148,0.004651158148692103,-0.020000012715657545,0.0,0.0,-0.016393401615722336,0.017305226420534447,0.011235998399541591,0.03498544576184348
2019-08-22,0.00776061239891801,-0.0164047852240764,-0.0049504903750891005,-0.0032258187570879393,-0.05419649414262384,0.03465340738378053,-0.07619040698961566,-0.01729283885577282,0.0,-0.016265452300678773,-0.05555561074503923,0.017346946785686157,0.021021115595683648,0.0,0.08333333333333326,0.04495758214351642,-0.011111153496636272,-0.014084507042253502
2019-08-23,-0.031903646338479974,-0.05308899078540463,0.014925358971198843,-0.012944971633281122,-0.009550374556816621,-0.028708152747417115,-0.07216500039941254,-0.028519376602525903,0.0,-0.055555566067838624,-0.05882353284917219,0.003009032198162176,-0.014705936785235907,-0.03448278130022209,-0.09230765318259215,-0.044186012092446214,-0.013483133786796553,-0.010285731724330338
2019-08-26,-0.02159052612458312,-0.009675097768766516,-0.01960782480441492,0.0032787010317942844,0.006026516821144856,0.004926127351136067,-0.08333332229543589,-0.005621496021313677,0.060000038146972745,0.0028011178292022265,0.015625047536257375,0.009999974568684955,-0.020895541957333674,-0.035714196510051366,0.016949108707875915,-0.020681292644074478,0.033029609416046046,0.0023095217224107234
2019-08-27,-0.01161481060992342,-0.025050101349401444,-0.004999995231628418,-0.052287593513842934,-0.061900959975293435,-0.07352941313966888,0.03030307408973054,-0.0069095261400811125,-0.07547171339100844,-0.02583798138576876,-0.03589746191813492,0.0,0.02743900764661844,-0.07407411768057937,0.06666670905219174,-0.00745351521078208,-0.009922839648963677,0.02534554212207918
2019-08-28,0.017626769215709714,0.010277531980925625,0.010050241623450695,0.020689668326542288,0.03022565469560834,0.01058205116276123,0.020588215082162575,0.017710292570503272,0.020408143405366452,0.025806495718549094,-0.04787235830152892,-0.02970295845517601,0.002967414238902011,0.04000002543131509,0.04687497826914089,0.0012516273891893803,0.01670385076291825,0.0005618106354192687
2019-08-29,0.020785264975731854,0.017039725046863907,0.009950239314132636,-0.0033783912223301904,-0.0028925493729016205,-0.015706865885732224,0.10374636660738257,0.02237418315335815,-0.060000038146972634,0.01118098132217904,0.005586586970037999,-0.010204055814730828,-0.0384615946198783,0.0,0.014925334893879816,0.01499999239074179,0.017524627098201018,0.01235267980349053
2019-08-30,-0.010181133109051332,0.016504121523142956,0.0,-0.03389830508474578,-0.0227932031928747,0.021276677771900232,0.0443864437807735,0.004255300399859108,0.021276677771900232,-0.00898411278796829,-0.016666651213610217,0.01030925199752164,-0.04615386951571687,0.0,0.0,0.02832518282836105,0.003229250063980338,-0.024403800183075863
2019-09-03,-0.017142584470273836,-0.024108322758849,0.0,-0.04912279363264116,0.05513146663168844,-0.010416705989173769,0.022500038146972656,-0.02118646318228412,0.04166662527455389,-0.04393306190636437,-0.0056497121870150435,0.006122459439160455,0.0032258665367170813,0.0,0.029411783955364257,0.017964045266708695,0.027897021179756454,-0.02899375920737579
2019-09-04,0.026743896030706482,0.024703892164551933,0.01970441498363318,-0.018450184242133294,-0.012057877665603955,0.0,-0.11491448642891189,-0.03401361707729311,0.08000001907348642,0.012399713772496934,0.1306818297271395,-0.006085203030427477,-0.012861737099781112,-0.03846156197421824,0.12857146490187876,-0.0023529941803743792,0.022964537451029665,0.015807989401037892
2019-09-05,0.027179937091902806,0.03591633529320237,-0.004830913423070071,0.02631574607338938,0.07404392482619238,-0.01052635594418172,0.09944755383847337,0.024327792395967496,0.018518500530834592,-0.01585016319992083,-0.04020102639796852,-0.02653057106862189,0.06188927463966443,0.08000005086263018,0.06329113720306734,0.012971762603144255,0.004081628681073202,0.03170024351399792
2019-09-06,-0.0011024507442811693,-0.023984852091932463,-0.019417457749564604,-0.007325965610992302,0.04772729584665014,0.0,0.012562861933478775,-0.004374980926513672,0.0,-0.02562221315556734,0.13612571424933617,0.03773584528430729,-0.006135007403927806,-0.03703705884028974,0.07142853899067059,0.02561117263585544,-0.011178923642865213,0.011173227217972093
2019-09-09,0.009933798023541662,0.014355235389105658,0.03465343262562359,0.0959409721354667,-0.015545980533845816,0.0,-0.05707202122031729,-0.003766504611880328,-0.03636360168457031,0.008264436755022642,-0.013824871122127491,-0.0050505562971595586,0.006172878056508013,0.1153845636567199,0.022222236350730507,0.010215611398971536,-0.022610413535942286,0.007182273924131621
2019-09-10,-0.004371470534682564,0.01798992623423845,0.009569369257348859,-0.01683501640255558,0.007344840578988876,0.042553254089081616,-0.018421035295047683,0.03906741588090701,-0.018867995824705996,0.07451564786251175,0.11214953166906039,0.005076193900227954,0.009202397566131504,0.0,0.08695650671590571,0.012359611903261625,-0.019979025182416565,0.040043859603233756
2019-09-11,0.01427005179694163,0.04547597473203413,0.0,0.0034246051886412943,-0.0010936485830075338,-0.0051020601797675535,0.07238605349754934,0.0018193260801648847,0.07692309808448994,-0.004854347742986209,0.06302514694798189,0.0,0.012158055851108962,0.0,0.02999998728434239,-0.0011099336079002375,0.006437813474395204,0.01529540767567017
2019-09-12,-0.0010821672983462038,-0.034482731938886735,-0.004739332208735791,-0.010238882077549305,-0.031751869368727204,0.02564102564102555,0.04999995231628418,-0.001816022143716678,-0.017857126131349377,-0.052961687015927184,-0.023715392671163626,-0.008080864387258857,0.0,0.034482781300221976,0.06796117823284331,0.007777738083240449,-0.006396633143354258,-0.0020779696377840606
2019-09-13,-0.011917955786526102,0.029878589513019804,0.02857151615376763,0.006896578032394851,0.035054725738639325,0.03500003814697261,-0.04047609694690235,-0.012734935560185012,0.054545489224520516,-0.03752761023955686,-0.03643721179224069,-0.01221991562086211,0.036036113475995,-0.03333335452609587,-0.05454543142607715,0.06945983278514944,-0.007510697115483023,-0.021863518425922046
2019-09-16,-0.005482481732167588,0.025838608731800772,-0.046296360684027316,-0.0068493410175966,0.010924981548868118,0.02415458848171559,-0.0074442204085583,0.004299735372962132,0.03448272460139301,0.019113149958579267,0.04621844109518669,0.020618569539669007,-0.0173913404210837,0.0,0.048076921901289094,-0.011340262060852369,0.02054049517657308,0.0010643187568188939
2019-09-17,0.006615381438818346,-0.011710092774014025,-0.02912618662434696,0.0103448012779499,0.021974084904165858,-0.014150996868529497,-0.07249999046325684,0.009785923160799737,0.016666650772094727,-0.01500373671491606,-0.05220888110161259,-0.038383881067760695,-0.014749317934942607,-0.03448278130022209,0.1009174055066262,0.003128242717011176,-0.01906772876086893,0.07921317455728683
2019-09-18,0.002190523171090142,-0.0462776596469584,0.029999971389770508,-0.017064846860731953,0.014804305635306658,0.009569414669373,0.029649567106410757,-0.005451250838291788,0.0,-0.017517173945617914,-0.04237284282951548,0.0031512659058419157,0.023952172342929234,-0.035714196510051366,-0.025000042385525223,-0.001039495777242605,-0.0032398148924377423,0.059605962428425086
2019-09-19,0.019672176617878012,-0.02133145453978036,0.019417457749564715,-0.01388887601134181,-0.08509899450990988,0.07109004610811853,-0.04973817333043484,-0.00791712303060732,0.14754100154721939,0.008527179349180125,-0.004424774559935729,0.01884819974580676,0.0029239586756795166,0.07407399994301511,0.017094083045636976,0.0010405774531110357,0.0,-0.04602509347205286
2019-09-20,-0.031082648681897918,-0.012934153665325576,0.05238101833802267,-0.010563353559512212,-0.02961271060634163,0.08407077816193875,-0.06336088479956159,0.004910983376913203,0.0714285714285714,-0.009992322225507833,-0.004444440205891964,0.021582704667358454,-0.020408182351857818,-0.03448278130022209,0.08403361164950818,0.0010396108293484474,0.018418210696114157,-0.025341152347144846
2019-09-23,0.014380779169146818,-0.010676987053726217,-0.04072405024180603,-0.007117464776667415,0.0015649213103789972,0.036734678307358104,0.014705867915830284,-0.0012217749992863292,0.11999994913736978,0.034937873079721626,0.10267857950636916,-0.024144846436046752,0.002976172334662408,-0.07142850655276467,-0.038759689158364474,0.07580472947734385,-0.018085115233283933,-0.04849996566772463
2019-09-24,-0.023991314965201904,-0.05641401057729367,-0.004716976888241464,-0.017921147198436405,-0.06210935115814209,-0.03937007933143677,-0.07246376711439373,-0.032415943381027934,0.09523812226968142,-0.021005231400882507,0.25506067559716383,0.01030925199752164,-0.01780411932101089,0.0,-0.0725806641818495,-0.03088808616126737,-0.006500484173138532,-0.016815637973014663
2019-09-25,0.024581046596267253,0.0033791850609041774,-0.023696661043679068,-0.025547403844393468,0.028321481133311677,0.020491803599057556,-0.00937499091960503,0.0025284426437830465,-0.0326087170602698,-0.006130262263356334,0.13225809627219465,-0.020408176505266273,-0.006042333685233103,0.0,0.03478263080983912,0.03237051913608657,0.025081738312185742,-0.004275784479992106
2019-09-26,-0.011995824880218664,-0.06839376927484575,0.04368939567369812,-0.018726591225196487,0.002025111431187998,0.008032159277248097,0.0,-0.03783098617803582,-0.04494377928932192,-0.03546646327497338,-0.03988606988164045,0.014583336368755084,-0.04559265318943362,0.03846156197421835,-0.025210126236557606,-0.04823923565042598,-0.04787232207733816,-0.006441166789608599
2019-09-27,-0.017660374033825033,-0.02002217531525885,-0.004651158148691992,-0.022900777251825155,-0.03678250230084534,-0.051792873492102265,-0.009463713144399533,-0.003931875407389485,-0.08235291873707495,-0.005595575317171031,-0.08308604774427719,-0.004106739722951391,-0.01592362644409462,0.0,-0.0172413358412411,0.04308166218317755,-0.020111659814241234,0.013506212690906239
2019-09-30,0.022472366172660685,-0.007094210785828725,0.0,0.03124996973201677,-0.03776751944919299,-0.058823515269287974,-0.031847178251670494,0.020394764704387613,-0.03846156197421824,0.025723525666604186,0.048543721532029904,-0.011340203415124095,-0.03559864916200306,-0.03703705884028974,-0.061403574326641785,0.01652080877584683,0.027365992997834265,0.050639597228163025
2019-10-01,0.010988835506862138,-0.10402975485528954,0.01869157004308586,-0.007575714336391148,-0.047972088327958184,-0.017857126131349377,-0.04605258823761926,-0.003223738877950244,0.013333320617675781,-0.05799371142981635,-0.021604917603937457,-0.011470278708911263,0.023489871754488245,0.0,-0.009345771069191988,-0.030592684657512748,-0.004439507307092638,0.004566217999410815
2019-10-02,0.004348046621506896,0.0810207010294024,-0.0504587752962925,0.015267160568028793,0.006871277961660649,-0.018181800842285156,0.03448272460139301,-0.0032341649813382167,0.0,-0.017470884371833306,-0.012618284192532747,-0.006329124535712549,0.01639342405462685,0.07692300168250155,-0.08490562642668786,-0.0848126793571865,0.002229599051726705,-0.06363628131736532
2019-10-03,0.03138495595852664,0.005016287598237801,0.024154567115350467,0.11654136605310983,0.06369426663157651,0.013888853322332029,0.08000000317891431,0.024010375679609064,-0.039473647060816464,0.038950044183140076,0.04472839021304709,-0.00212312333533049,0.0,0.07142862008542661,0.09278346461157172,0.0032328018679657067,-0.003337011538929069,-0.01779945063423971
2019-10-04,0.0367261957366678,-0.024368813787117305,-0.023584884441207543,-0.023569048651774227,-0.019674961691498738,0.0,-0.07407407679948075,-0.004435975665953884,-0.0410959154652657,-0.007334975487384265,-0.26758409942011063,0.010638270529935934,0.03064517489934193,-0.06666670905219185,0.04716981245244378,-0.03866813891436949,-0.035714251502436234,0.004942348001798269
2019-10-07,-0.012145743955689903,0.0198615665514299,-0.048309134230700934,-0.027586180588294762,-0.030104685813074128,0.031963505713815676,-0.06666668256123864,-0.008911543156130186,0.0,-0.02545159374790551,0.002087730472124516,-0.04210528992770013,0.017214408978317275,0.07142862008542661,-0.05405403238139639,0.012290625974634262,-0.04398149297929055,-0.03551910631853561
2019-10-08,-0.020491689832018323,-0.022720580455332318,0.005076137217272736,-0.024822721418482963,0.022042257441370783,0.017699097866309854,-0.035714252262698754,-0.0038535303223112827,-0.014285700661795464,-0.02948605148861172,0.0166666501098216,0.01098905321586674,-0.01999999240739203,-0.03333335452609587,0.03809526231553817,-0.0077263513647645166,-0.009685220519283777,-0.008498562140068944
2019-10-09,0.010459977832961043,-0.003321274574247135,0.020202000741265103,0.0,0.004841576224872135,-0.06521739130434778,0.18518518191469724,0.003868437463376395,-0.04347828791136965,-0.055555583150297405,-0.10245901399067547,-0.007608731482564801,-0.009419172466166637,-0.06896545298270418,-0.06422019365362708,-0.07341489969875681,-0.008557536172002722,0.02857142857142847
2019-10-10,0.0,0.05513491675442639,-0.009900980750178201,-0.003636377507990063,-0.10556288121490709,-0.03720926684002546,-0.08749998975545181,0.004495867043710078,0.03030307408973054,0.040441137477498224,-0.0273972334300725,-0.032858694362381535,0.04278923783300348,0.0,0.06862746259119046,0.030011984145770443,0.00493217799585155,0.00611114501953125
2019-10-11,0.01035212303855082,0.006316319105378554,0.0,0.010948947028681433,-0.04848185134397276,0.004830843982388977,-0.023972660901509624,0.026214762451257645,-0.04411767387060073,0.005300390568396596,0.07511729521859967,0.007927557328643475,0.033434747344257554,0.037036941102725374,-0.027522981800628066,0.005827540632859396,0.024539972061436766,-0.01270024526964919
2019-10-14,-0.0020493367467625534,-0.03423682707732034,0.004999995231628418,-0.025270784969652516,-0.029336062062355284,0.004807710823928835,-0.017543843505051004,-0.021806818967769037,-0.04615387549767125,-0.012302314755260557,0.0480349936012201,0.020224681376348475,-0.023529484341098916,0.07142862008542661,0.03773587395376232,-0.010428747589693588,-0.009580828748653736,-0.002237081099336957
2019-10-15,0.013347150415851994,0.06292470204226608,0.02487559828533148,-0.007407435664424145,0.0657475795079161,0.0,-0.089285715806241,0.012101944991457225,0.0,0.02313169343205157,-0.004166662527455345,-0.01541850513300147,-0.006024133995898184,0.0,0.08181820493755909,0.026932140839285745,0.07013299777529824,0.01737665152975998
2019-10-16,-0.009118563408936353,0.007504181800967569,0.014563093312173425,0.022388074572778693,-0.0184079450161303,0.033492860082103615,0.0,-0.009439935114137543,0.1774194218241607,-0.029565230659816533,-0.00836829224570046,0.002237116578116982,0.0,-0.06666670905219185,0.0,0.006841469730945127,-0.011299477645120626,0.008815418775477868
2019-10-17,0.007157644707550315,0.028689680428340525,0.0,-0.02919705285395402,0.05220477897841591,-0.009259294417005237,-0.007843129921765946,0.0038119708061747914,-0.17808221325594198,0.025985660019545165,0.00843891152356524,0.007812537142032339,-0.021212067509583044,0.0,-0.008403339794098241,0.03057760731897652,0.018285696847098132,0.005461517443281938
2019-10-18,0.004060807596409477,-0.006704210079434447,-0.023923423143372258,0.015037579428341719,-0.026493255483130973,0.0,-0.007905130890387913,-0.0341772123629267,0.050000031789143806,-0.03930129404028504,-0.03347286971263186,0.053156165594190785,-0.04334369393234583,0.0,0.1779660724719172,0.032966923369528445,-0.012345640691474924,-0.007604529647408875
2019-10-21,0.03033370877143793,-0.008639300402664807,-0.024509781005518705,0.014814800686306473,0.006927233321147419,-0.03738314258509734,-0.003984059960658093,0.005242458879826328,-0.0317460761979701,0.03409090909090917,-0.06926400492442752,-0.025236635239204497,0.016181291281849974,0.0,0.014388452353562897,0.04148938712999728,0.01931819006923785,-0.0175150348553077
2019-10-22,-0.008832209313699546,0.01906309708528875,0.0,0.025547473455658443,0.039312039312039415,-0.04368930106136537,0.02399997711181645,0.0013037486238864915,0.03278693266050836,-0.030329693804730384,0.037209265189536156,0.003236251503640153,-0.02229301415300744,-0.035714196510051366,-0.03546099354738985,-0.050051043999588485,-0.0022297053699305014,0.02841216155189108
2019-10-23,-0.02079209505837798,0.005077564155626657,-0.020100483246901613,-0.03202845574065438,0.028368794326241176,0.020304548377620968,0.01562498544808455,-0.012369764624356905,-0.06349207670750456,-0.15231182159321022,-0.02242150308907087,0.0021505185219621303,0.0,-0.03703705884028974,-0.05882347441324487,0.005376435583634764,-0.006703851086149792,0.04279528465371607
2019-10-24,0.047522496537501846,0.01675089225980586,0.010256400224333495,-0.014705938038939936,-0.004137902972341956,-0.009950286524563201,0.0,-0.015820683580167527,0.0,-0.03743319435188197,-0.04587162384811294,-0.023605145530159688,0.006514618184296772,0.03846156197421835,-0.031250018626450715,0.058823341405287,-0.01574806950687102,-0.028051995611810043
2019-10-25,0.04536725560784838,0.007060581360236684,0.0,-0.0037312864540238744,0.012003650837775215,-0.020100483728542673,0.07692309808448994,0.012056218876235647,-0.016949136104436047,-0.032222217983669754,0.009615375798129211,0.0,0.0032362263133589586,-0.03703705884028974,-0.09677425309100707,0.009090975153428937,0.005714307512555861,0.005344756085675861
2019-10-28,0.02308375127518092,0.011685296872314677,-0.015228411651818319,-0.022471923757490964,-0.012773736727829221,0.02564102564102555,-0.06428573922235181,0.022501665143165095,0.03448272460139301,0.018369672412326343,0.06666671964857551,0.025274745543615973,-0.009677360810378177,0.03846156197421835,-0.035714196510051366,0.018018036982228258,0.007954510603070064,0.010632683073786175
2019-10-29,0.3465704537954428,-0.04081109317124132,-0.015463963770208755,0.011494223474170395,-0.049445458641558804,0.06999998092651372,-0.06488543713775385,-0.007119718966681177,0.0,-0.009019157242188824,-0.004464281437804529,-0.019292569224524048,0.003257309092148386,0.07407399994301511,0.027777705827044086,0.028515203878875628,-0.015783578932248132,0.025775895066729504
2019-10-30,-0.08847167627710684,0.0016056027563817743,-0.01570679157803201,0.03030307408973054,-0.019931895505852615,0.04205605769034526,-0.01632651472429325,0.003259464813397006,-0.03333330154418945,-0.016495961856499042,0.00896860123562826,-0.005464536310010759,-0.009740280549819236,0.0,0.0,0.05066927614987238,-0.009163794719462381,-0.01538457625951517
2019-10-31,-0.08602945403574591,0.00774782028220411,-0.03191486326155479,-0.040441189360865715,-0.00992063462028403,0.022421525430774247,0.016597493953715015,-0.004548450093369016,-0.017241444513996895,-0.016772753046352173,0.026666641235351562,-0.012087909631076865,-0.01639342405462696,0.034482781300221976,0.018018087164116237,-0.010919061916008777,-0.012716723876103009,0.004687507761021115
2019-11-01,0.04263860937971842,0.024920429381986686,0.02747250048093086,0.06896548700200378,-0.012525049717200254,0.07017545767584887,-0.020408143405366563,0.015013087499495814,0.07017545767584887,0.03882352043600634,0.06493510782815948,0.0066740937989810956,0.0033333130441977055,0.2999999788072374,0.0619468548553892,0.03771850287569767,0.019906332207647814,0.018662451317622786
2019-11-04,0.028549391185052286,-0.032074539145395375,-0.02139035387755628,0.0,0.02232366189868884,-0.004098376353816935,0.0,-0.006430892620137074,-0.01639342724524051,-0.028312571026056332,0.15040645521200458,-0.019889466510715992,0.006644559943315809,0.025641042361154165,0.016666624281141518,-0.06028367472132745,0.0355913224177955,0.005089078036186079
2019-11-05,-0.009002016621233566,0.036611512924097145,0.03825132874384085,-0.0537634415953091,-0.014392029262949801,-0.1975308390026591,-0.041666724615624595,0.10420709880603063,0.0,-0.009324000514850717,-0.03886922192979203,0.02593004926277853,0.03630365294014659,0.0,-0.10655731895560672,-0.012264088195766853,0.01441232307862128,0.07341776014883306
2019-11-06,-0.010598296160124088,-0.03402938034723868,-0.01052630588288439,-0.026515108549451938,-0.02215513101736777,-0.08205130161383212,0.0,-0.002344607821269995,0.016666650772094727,-0.015294131110696219,-0.04044122513138659,0.01098905321586674,-0.006369466294819159,-0.05000003178914392,-0.01834869341955403,-0.010506259504799997,-0.005464397720770453,0.06981129664974217
2019-11-07,-0.023718410777844312,-0.034961337886671995,0.0,-0.08560313998558133,-0.01750769284198561,-0.16201115532584498,-0.04347822030685711,-0.015863716245701487,-0.04918028173572164,0.005973738520729244,-0.003831414124593202,-0.02173914395568488,0.0,0.026315807085398824,-0.05607474525307843,0.01544404308063374,-0.024175852506203577,0.02425040695149505
2019-11-08,0.00235107618577568,-0.7184734416998527,-0.026595719384629013,0.08085104759703299,0.12473795949207434,-0.013333320617675781,0.08636366050105404,0.007164229207964112,0.03448272460139301,-0.020190032631065113,-0.01923075159625831,0.0,0.0032051877758696445,0.0,0.06930700797674616,0.05418244059965471,0.01351350045186761,0.03314681329905644
2019-11-11,-0.00625472422828699,0.01964634609720517,0.010928951069668846,-0.027559010476525536,-0.05405408095804143,-0.01351350045186761,-0.07112973591302885,-0.01600476848440635,-0.03333330154418945,-0.036969676162257326,0.003921564960883028,0.0011111365424261166,0.003194868532638173,-0.025641042361154165,0.018518470551362576,0.0036069344639937384,0.004444440205891853,0.008749961853027344
2019-11-12,0.01573531061157407,0.03082848663739668,-0.010810800361494066,0.012145717724457494,-0.051724137931034475,-0.0684931488953382,0.10360361086007353,0.010240968216103985,0.017241362300696395,0.03838890141582518,-0.03515621725818996,0.0044394720250249264,-0.0031846938544564107,0.026315807085398824,-0.02727277351148205,0.006289275653845516,-0.0022123345324943644,-0.02147866873520643
2019-11-13,0.0038731442026258556,0.028037401503044235,-0.01639349174618998,0.06800003051757808,-0.038961038961038974,0.11029411455339222,-0.1428571984649737,0.05366723875750523,0.10169489744647242,-0.005454554702296388,-0.016194316352106997,-0.04088393070345897,0.0,-0.05128200321168175,0.009345889907118599,0.02232141268939647,0.0077604979236967075,0.04052338804689026
2019-11-14,-0.006172758106260723,-0.009999968788840574,0.05000001986821556,-0.033707921354374615,-0.14378381677576013,-0.03311258194493727,-0.028571402621105912,0.04640632095550079,0.015384600712702756,0.021328481701657243,0.045267445297900055,0.023041415246775943,0.0,0.027026957364917115,-0.7222222353041738,0.14585155447085807,-0.0374037565325116,0.010141987986566292
2019-11-15,0.009316765744850297,0.019283749451462162,-0.04232806535494815,0.034883781104384504,-0.0321969131391473,-0.0136986820351932,0.014705868603311245,0.02271498547825823,0.03030307408973054,0.031026279872453433,0.0196850208926016,-0.03153153798172725,-0.05750802777237529,0.15789475885674853,0.0,-0.044969533863771116,0.0022857666015625444,0.015261087306701837
2019-11-18,-0.007692264699174944,-0.0018018429798489777,0.02209949299826519,-0.014981330129178239,-0.07240708338256197,-0.03472222314204698,19.77294752982795,-0.0010576656755716396,0.1176470134497527,-0.021990801679129035,0.0656370972693523,0.03720934186859548,0.003389809809293931,0.045454575010568155,0.16666666666666674,0.06464487449024658,0.020524440376980868,0.01977848047544284
2019-11-19,0.007751894322221453,-0.0036101048852397177,0.0,0.011406887951024514,0.07735583850964334,0.0,-0.03488372093023251,0.013763908802681746,0.013157882353605599,0.026035535147300948,0.047101490902214715,0.020179334961136997,0.016891872458885127,0.06521736276022083,-0.028571446736653683,0.10419786286152743,0.04245811425018564,0.009697439617583292
2019-11-20,0.025384544355115723,0.013586922015269343,0.005405400180747089,0.007518753861753602,0.1514360144281215,0.10071946839036094,-0.03614457831325302,-0.0031331314432155866,-0.03896100276999048,-0.004613605709462232,-0.06228375786275986,0.03736265517469284,-0.036544792758281486,-0.020408176505266273,0.0,-0.03937544853438257,-0.018220801466675485,-0.03495965514434185
2019-11-21,-0.07576908443184993,0.0616622484300382,0.00537633891739131,0.014925430495003944,0.15022676256752487,0.07843135910493748,0.07499999999999996,-0.006286057531389333,-0.05405406624492348,0.0011587750578476719,-0.011070099987999904,-0.05190675597440597,-0.04827590666763559,-0.10416666942614106,-0.029411783955364257,-0.044522898270495936,0.026200848811800848,-0.035031888483889495
2019-11-22,-0.01542188718326476,0.011784540570212165,0.0,-0.014705938038939936,-0.0926564236495746,0.0,-0.03744187465933868,0.010543003172311938,0.11428574153355187,0.0023147573257693566,0.04477607558580465,-0.011173226821114768,-0.06884060821631321,0.06976748828052526,0.030303050736824266,-0.04955620302695385,-0.0021276069043588697,-0.014026409067585899
2019-11-25,0.03050297735502605,0.07820295712020209,0.021390353877556167,0.007462715247501972,0.002172698985460464,0.07272731896602735,-0.05774340238927789,0.016171072754753713,-0.025641061693801315,0.07043887079672984,0.089285715806241,0.016949181765373078,-0.0077820540935812366,0.02173914395568488,0.058823567910728514,-0.020233530734403482,0.06823031295462845,0.009623411962651485
2019-11-26,-0.014400278877227723,-0.013888912395521702,-0.02617798596338672,-0.022222236350730618,-0.018428151200457266,0.073446281413869,0.02564102564102555,0.002566793921158439,0.02631582744894323,0.0032362169891875237,0.02295079814333678,-0.05333335311324505,-0.08235292296121766,0.021276541059871645,0.08333329654034327,-0.08339953774565778,0.16367258629990755,-0.0033153720053222813
2019-11-27,0.000811958069903751,0.03755872503442137,0.016129016752173708,-0.0037878932922231767,0.038652676775719375,0.0,0.0100000381469727,-0.005120347053449215,-0.03846156197421824,0.009677435563663073,0.19230774521122518,0.003521132803927074,0.0641025938456854,-0.020833280903320373,0.10256408793399019,0.023830178710035677,-0.01457976659679594,-0.006236990573335488
2019-11-29,-0.019464710097643056,0.017345364876794056,-0.026455001425780944,-0.0038022234609110805,-0.011695970949732626,-0.052631578947368474,0.0049504193239715555,-0.0020587192433902946,0.013333320617675781,0.008519693373913784,0.14516134304260953,0.01637427222379073,0.01606425742610562,0.063829758452564,0.11627907320596487,-0.027507405919320882,0.029590962520515518,0.024267779621902852
2019-12-02,-0.024813840331835313,0.05559673926798259,-0.016304396768935914,0.030534321136057585,-0.0242065634628571,-0.09444448682996964,0.23399015657735567,-0.03094370773634003,-0.052631592156154094,-0.020063413801489682,-0.007042302393543309,0.008055274042177318,-0.047430831196049295,0.020000012715657656,-0.08333332229543589,-0.04264575387129976,0.04057485198700417,-0.01348038929235651
2019-12-03,-0.004240727720924542,0.004915775956718216,0.04419892013504234,0.05555555555555558,0.04630655698956021,0.08588966818451049,0.4910179485699606,-0.005321999818908463,0.02777781825006853,0.0021552218037907966,-0.05200940643017726,0.018264822286715,-0.05394198688692109,-0.03921571071829566,-0.04545450276251273,-0.008181876814839506,0.1031681121688297,-0.01490677882771907
2019-12-04,0.03492307342292911,0.009084497341341313,-0.052910065925260596,-0.03157893398351841,-0.0316122228847584,0.011299369885315658,0.1619813466913449,0.041733480845842275,-0.09459463203797946,0.04032257981818055,0.0024937036094550002,-0.023542640610117793,0.052631692871543345,0.04081635301053255,0.04761900076430181,0.03849679955890273,0.05154637799689343,0.007145782362469655
2019-12-05,0.024691303953057853,-0.014542939352453765,0.0,-0.26086958925455084,0.011969515297682864,0.027932961489138597,-0.020737361618345718,-0.021058030912763814,0.0,-0.04341085974304715,-0.007462679485599422,-0.0011480589460529655,-0.004166640962527501,-0.03921571071829566,-0.022727287505284077,-0.027360947226485965,-0.028011178292021377,0.014607695945053178
2019-12-06,0.012048002627686794,-0.014757490599304202,0.0,0.1323529810503974,0.0026881720430107503,-0.14673912311096027,0.022352959127987182,0.0052466098778445325,-0.029850718650553665,0.04592114375792611,0.005012586290047416,-0.011494296552661099,0.0,0.0,0.02325582942684168,0.009074363682217035,0.005043205637397019,0.04853970921837858
2019-12-09,-0.00396794843055881,-0.0156918872928411,-0.00558658697003811,0.1255411069541188,0.14155492705889738,-0.03184713414486362,-0.044879188232436085,-0.006784924937468628,-0.015384600712702867,0.015495827872037404,0.0049875261309126895,0.018604707898419726,-0.046025232472960975,-0.020408176505266273,-0.022727287505284077,0.753597178691966,-0.0057347616343995655,-0.02196937901023044
2019-12-10,-0.009561747725149505,0.07101445860082567,0.016853916782002765,0.06538464472844052,-0.056364491986949594,0.03289473725487979,-0.14337351235998685,0.009458664809899986,0.015624984866008385,-0.05086470029304868,0.07196028455462988,-0.03995438040238519,-0.02192979987783228,-0.020833280903320373,0.4418605373252613,-0.031025624434538046,0.05623646282674444,0.00401124670058528
2019-12-11,0.025744153030406336,0.026387033177865504,0.0,-0.04332132598873306,0.007964191897088968,0.006369451126407855,0.01687770187609061,-0.024466389159507607,-0.030769201425405623,0.03858517252101401,-0.03935186794878465,0.010701564116625484,0.017937221219568533,0.063829758452564,-0.1290322349090528,0.025668063909201955,-0.0880546071974877,-0.039952056434962024
2019-12-12,-0.0007843333664018237,0.06657878864879874,-0.011049713568388575,-0.00754719860148878,0.043456805193865744,-0.03164556923823336,-0.06735826474441109,-0.0010672602992501945,-0.015873075943202752,0.06604750991097963,-0.0120482384544226,0.0,-0.026431665864244502,0.020000012715657656,0.055555529391652314,0.020123909203915158,0.04715569840048972,-0.03786932257217268
2019-12-13,0.003924504161547215,-0.02781216034931122,0.05027934932771294,-0.09125474099437703,-0.021296734193126055,-0.013071882795547274,-0.08646005939002177,0.013888901624924621,0.0,0.025169431829826783,-0.017073096695716106,0.0941176320992263,0.0,-0.019607855359147774,0.2280701480425975,0.004552384840327939,-0.050750539654242255,0.028546705166728525
2019-12-16,0.009382166354765298,0.04259377595625091,-0.04787235830152892,-0.07112966036504742,-0.015473872828915214,-0.026490103450292568,-0.058441535118438304,0.005268724124423363,0.0,-0.053824333013340664,0.029776644990494594,0.02150539031087395,0.0,0.24000002543131504,0.44285710652669263,-0.019133950920222187,-0.022590376262586198,0.008830911623589177
2019-12-17,0.0023239974976481115,0.0006097700679539297,-0.01675976091011433,-0.009009043066040445,0.014243584526269393,0.03401360588350877,0.006896578032394851,-0.007861615258389243,0.01612909428163012,0.014471007731043262,0.07228908602498318,0.030526345236259633,0.0361990960330858,-0.145161328363699,-0.09900990348312089,0.02104717711716919,0.0030817347409899387,0.019174697632764914
2019-12-18,0.0030913469332880528,0.005179828922100338,0.028409063970008086,-0.027272744612260258,-0.04455204333289198,-0.026315764707210976,0.029109536024393146,-0.020602186125787125,0.04761900076430181,0.040334466202729624,-0.00674151331618722,0.013278834814586249,0.004366785405874429,-0.01886787699736292,-0.08791207639567267,-0.013574536248047275,-0.0023042001221758035,-0.017177916694815387
2019-12-19,-0.001541028240962694,-0.005153136556326432,-0.005524856784194343,-0.0747663742986372,0.017232609447007663,0.0337837833483956,0.006655599601240292,-0.010248140489491075,0.1060606509419737,0.03640664168565966,-0.011312260151992382,-0.037298407319040106,0.0,-0.03846156197421824,-0.024096401231396558,-0.007645389496401034,0.023864543885978362,0.01831038760450432
2019-12-20,0.01697549934685938,-0.03168796519954631,-0.02222220161814692,-0.005050428180518374,-0.001494783539210398,0.006535910231946662,0.019834723354371198,-0.009264309142228422,-0.0136986820351932,-0.0063868334471332,0.03432496551386999,0.043979066166091485,-0.013043505782278308,-0.09999999999999998,0.01234572649498844,0.020544550768865966,0.013533785633090156,0.0012260191045094793
2019-12-23,0.02048555287784759,0.047199435501638964,0.01136362558800319,0.07614212903087125,-0.014970060336177649,0.01298706285023532,0.029173407047050404,0.016501607922148276,0.01388894223872672,0.011937567524561876,0.059734509306605954,-0.016048129210467388,0.0352422936221517,-0.044444472701461235,-0.0853658678416761,0.002516287578460563,0.02373892131790445,0.13387757904675546
2019-12-24,-0.006691389058412822,0.03485576592429851,0.01123594452133525,-0.018867995824705996,0.01114494566896962,0.02564100056083385,-0.006456690510426966,-0.00432900030777672,0.0,0.019056177472725144,0.056367428617277726,0.008154936073036856,0.0,-0.02325575549859793,-0.03999998304578989,0.001506071960302835,0.010869537424425646,0.020878326471204023
2019-12-26,0.039670500325314384,-0.013356536086384097,-0.02777775202268362,0.08173080890841877,-0.03707419303101467,-0.012499988079071045,-0.022032008024831518,-0.0059781905045341865,0.0273972334300725,-0.031166468571886652,-0.02766795811635747,0.19312441640885525,0.017021382940374474,-0.023809538226368665,-0.05555558989567955,-0.03308264703340125,-0.014336904085998858,0.010578252136956845
2019-12-27,-0.043916484877624784,-0.013537348165672869,0.005714280264718097,0.013333299424913125,-0.000520243737326842,-0.018987353614766667,0.021069679432506705,-0.016949226778214088,0.08000005086263018,-0.011029401130226768,-0.06300811747406565,-0.025423770821618952,-0.016736504488394255,-0.02439025903112113,0.029411783955364257,-0.004147319642202052,-0.02836366133256396,-0.010467524028533348
2019-12-30,-0.0007531080251123035,-0.04832937998538078,0.005681812794001706,0.008771963580347819,-0.021863675552243444,0.006451637514175879,-0.04285715496729292,-0.008342581888164835,-0.06172845102341018,-0.026022368093815973,-0.0542299333534757,0.026087000750113276,0.08936168291413393,-0.0999999841054281,0.0,0.009890688834801598,-0.01197603679070025,-0.022567041016334333
2019-12-31,-0.020346542720328653,0.01880878961268695,0.0,-0.021739130434782594,0.12240553883504046,0.08974356309588605,0.08789385247293913,-0.005608546376759671,-0.013157882353605488,0.0381679951981404,-0.048165144889044,0.016949108707875915,-0.01562500150610202,0.0,-0.014285677955264142,-0.03788660308455216,-0.006818193476390788,-0.015151518279136633
